matrix:[[0.84615385 0.         0.31208054 0.03875969 0.08357349]
 [0.         0.         0.03020134 0.02325581 0.37608069]
 [0.         0.         0.49328859 0.04651163 0.03458213]
 [0.1025641  0.         0.09619687 0.84496124 0.05907781]
 [0.05128205 0.         0.06823266 0.04651163 0.44668588]]
matrix:[[0.82307692 0.0234375  0.29187817 0.04081633 0.08623853]
 [0.06153846 0.671875   0.03172589 0.02380952 0.29724771]
 [0.01538462 0.046875   0.52791878 0.04081633 0.0293578 ]
 [0.03846154 0.0390625  0.08248731 0.81972789 0.06605505]
 [0.06153846 0.21875    0.06598985 0.07482993 0.52110092]]
matrix:[[0.81632653 0.09278351 0.30621469 0.05338078 0.09773124]
 [0.04081633 0.58762887 0.03728814 0.02846975 0.29493892]
 [0.04081633 0.05154639 0.49491525 0.04626335 0.04363002]
 [0.06122449 0.02061856 0.09265537 0.82918149 0.06108202]
 [0.04081633 0.24742268 0.06892655 0.04270463 0.5026178 ]]
matrix:[[0.65263158 0.         0.30146232 0.04195804 0.07785467]
 [0.10526316 0.56756757 0.03937008 0.02447552 0.34602076]
 [0.         0.05405405 0.4848144  0.04895105 0.02422145]
 [0.12631579 0.         0.07874016 0.81468531 0.06920415]
 [0.11578947 0.37837838 0.09561305 0.06993007 0.48269896]]
matrix:[[0.90243902 0.33333333 0.30369515 0.05555556 0.09309309]
 [0.02439024 0.5        0.04849885 0.02287582 0.36036036]
 [0.04878049 0.         0.47806005 0.03594771 0.03303303]
 [0.         0.         0.09353349 0.84640523 0.04954955]
 [0.02439024 0.16666667 0.07621247 0.03921569 0.46396396]]
matrix:[[0.65217391 0.         0.29545455 0.05797101 0.09433962]
 [0.05434783 0.         0.04318182 0.01811594 0.38207547]
 [0.05434783 1.         0.47954545 0.04347826 0.02672956]
 [0.10869565 0.         0.09545455 0.84782609 0.05660377]
 [0.13043478 0.         0.08636364 0.0326087  0.44025157]]
matrix:[[0.84251969 0.         0.26397919 0.04814815 0.09735744]
 [0.02362205 0.         0.03511053 0.02222222 0.34353268]
 [0.05511811 0.         0.54746424 0.04074074 0.03337969]
 [0.04724409 0.         0.10143043 0.84814815 0.05146036]
 [0.03149606 0.         0.0520156  0.04074074 0.47426982]]
matrix:[[0.92857143 0.         0.3411215  0.04779412 0.09465021]
 [0.         0.         0.02570093 0.01470588 0.34705075]
 [0.         0.         0.48130841 0.04779412 0.04526749]
 [0.         0.         0.0864486  0.83088235 0.05349794]
 [0.07142857 0.         0.06542056 0.05882353 0.45953361]]
matrix:[[0.76530612 0.         0.27342747 0.05119454 0.08811189]
 [0.04081633 0.         0.03465982 0.02389078 0.36643357]
 [0.03061224 0.         0.53786906 0.0443686  0.05454545]
 [0.12244898 0.         0.08472401 0.84641638 0.03636364]
 [0.04081633 0.         0.06931964 0.03412969 0.45454545]]
matrix:[[1.         0.         0.31328036 0.06081081 0.08221226]
 [0.         0.         0.03632236 0.02027027 0.34678625]
 [0.         0.         0.48127128 0.05067568 0.03736921]
 [0.         0.         0.11010216 0.80405405 0.05231689]
 [0.         1.         0.05902384 0.06418919 0.4813154 ]]
