matrix:[[0.         0.         0.04249292 0.         0.        ]
 [0.         0.         0.36968839 0.         0.        ]
 [0.         0.         0.45325779 0.         0.        ]
 [0.         0.         0.09631728 0.         0.        ]
 [0.         0.         0.03824363 0.         0.        ]]
matrix:[[0.         0.         0.05240793 0.         0.        ]
 [0.         0.         0.36543909 0.         0.        ]
 [0.         0.         0.46033994 0.         0.        ]
 [0.         0.         0.09206799 0.         0.        ]
 [0.         0.         0.02974504 0.         0.        ]]
matrix:[[0.         0.         0.04249292 0.         0.        ]
 [0.         0.         0.34560907 0.         0.        ]
 [0.         0.         0.47025496 0.         0.        ]
 [0.         0.         0.10481586 0.         0.        ]
 [0.         0.         0.0368272  0.         0.        ]]
matrix:[[0.         0.         0.04390935 0.         0.        ]
 [0.         0.         0.3470255  0.         0.        ]
 [0.         0.         0.46458924 0.         0.        ]
 [0.         0.         0.10764873 0.         0.        ]
 [0.         0.         0.0368272  0.         0.        ]]
matrix:[[0.         0.         0.04674221 0.         0.        ]
 [0.         0.         0.3427762  0.         0.        ]
 [0.         0.         0.46458924 0.         0.        ]
 [0.         0.         0.10764873 0.         0.        ]
 [0.         0.         0.03824363 0.         0.        ]]
matrix:[[0.         0.         0.05240793 0.         0.        ]
 [0.         0.         0.35269122 0.         0.        ]
 [0.         0.         0.4674221  0.         0.        ]
 [0.         0.         0.09065156 0.         0.        ]
 [0.         0.         0.0368272  0.         0.        ]]
matrix:[[0.         0.         0.04390935 0.         0.        ]
 [0.         0.         0.40084986 0.         0.        ]
 [0.         0.         0.44475921 0.         0.        ]
 [0.         0.         0.08215297 0.         0.        ]
 [0.         0.         0.02832861 0.         0.        ]]
matrix:[[0.         0.         0.05382436 0.         0.        ]
 [0.         0.         0.33994334 0.         0.        ]
 [0.         0.         0.48725212 0.         0.        ]
 [0.         0.         0.09065156 0.         0.        ]
 [0.         0.         0.02832861 0.         0.        ]]
matrix:[[0.         0.         0.04390935 0.         0.        ]
 [0.         0.         0.38243626 0.         0.        ]
 [0.         0.         0.45325779 0.         0.        ]
 [0.         0.         0.09915014 0.         0.        ]
 [0.         0.         0.02124646 0.         0.        ]]
matrix:[[0.         0.         0.04957507 0.         0.        ]
 [0.         0.         0.35977337 0.         0.        ]
 [0.         0.         0.4631728  0.         0.        ]
 [0.         0.         0.10056657 0.         0.        ]
 [0.         0.         0.02691218 0.         0.        ]]
