matrix:[[0.9047619  0.         0.         0.         0.        ]
 [0.0952381  0.93333333 0.03405573 0.         0.        ]
 [0.         0.06666667 0.9628483  0.         0.        ]
 [0.         0.         0.00309598 1.         0.19354839]
 [0.         0.         0.         0.         0.80645161]]
matrix:[[0.88235294 0.         0.         0.         0.        ]
 [0.11764706 0.89304813 0.20558376 0.         0.        ]
 [0.         0.10695187 0.79441624 0.03125    0.        ]
 [0.         0.         0.         0.96875    0.25925926]
 [0.         0.         0.         0.         0.74074074]]
matrix:[[0.91891892 0.         0.         0.         0.        ]
 [0.08108108 0.92268041 0.20689655 0.01470588 0.        ]
 [0.         0.07731959 0.79310345 0.07352941 0.        ]
 [0.         0.         0.         0.91176471 0.26666667]
 [0.         0.         0.         0.         0.73333333]]
matrix:[[0.93939394 0.         0.00306748 0.         0.        ]
 [0.06060606 0.85657371 0.13496933 0.         0.        ]
 [0.         0.14342629 0.85276074 0.07352941 0.        ]
 [0.         0.         0.00920245 0.92647059 0.25      ]
 [0.         0.         0.         0.         0.75      ]]
matrix:[[0.91666667 0.         0.         0.         0.        ]
 [0.08333333 0.8959276  0.18206522 0.         0.        ]
 [0.         0.1040724  0.81521739 0.03797468 0.        ]
 [0.         0.         0.00271739 0.72151899 0.42857143]
 [0.         0.         0.         0.24050633 0.57142857]]
matrix:[[1.         0.         0.         0.01052632 0.        ]
 [0.         0.85853659 0.17819149 0.         0.        ]
 [0.         0.14146341 0.81914894 0.05263158 0.        ]
 [0.         0.         0.00265957 0.62105263 0.        ]
 [0.         0.         0.         0.31578947 0.        ]]
matrix:[[0.94285714 0.         0.00373832 0.         0.        ]
 [0.05714286 0.68627451 0.32897196 0.         0.        ]
 [0.         0.31372549 0.54766355 0.         0.        ]
 [0.         0.         0.11962617 0.         0.20588235]
 [0.         0.         0.         0.         0.79411765]]
matrix:[[0.94117647 0.         0.         0.01639344 0.        ]
 [0.05882353 0.95       0.28117914 0.         0.        ]
 [0.         0.05       0.71428571 0.03278689 0.        ]
 [0.         0.         0.00453515 0.95081967 0.3       ]
 [0.         0.         0.         0.         0.7       ]]
matrix:[[0.96774194 0.         0.         0.         0.05263158]
 [0.03225806 0.86307054 0.13274336 0.         0.        ]
 [0.         0.13692946 0.86430678 0.03947368 0.        ]
 [0.         0.         0.00294985 0.84210526 0.26315789]
 [0.         0.         0.         0.11842105 0.68421053]]
matrix:[[0.94444444 0.         0.         0.015625   0.        ]
 [0.05555556 0.94416244 0.15817694 0.         0.        ]
 [0.         0.05583756 0.84182306 0.015625   0.        ]
 [0.         0.         0.         0.96875    0.36111111]
 [0.         0.         0.         0.         0.63888889]]
