matrix:[[1.         0.         0.         0.         0.        ]
 [0.         0.91981132 0.15616438 0.         0.        ]
 [0.         0.08018868 0.84383562 0.         0.        ]
 [0.         0.         0.         1.         0.20689655]
 [0.         0.         0.         0.         0.79310345]]
matrix:[[1.         0.         0.         0.         0.        ]
 [0.         0.94594595 0.31974249 0.         0.        ]
 [0.         0.05405405 0.67811159 0.         0.        ]
 [0.         0.         0.00214592 0.68817204 0.33333333]
 [0.         0.         0.         0.31182796 0.66666667]]
matrix:[[1.         0.00369004 0.         0.         0.        ]
 [0.         0.88929889 0.05750799 0.         0.        ]
 [0.         0.10701107 0.93929712 0.01204819 0.        ]
 [0.         0.         0.00319489 0.8313253  0.16666667]
 [0.         0.         0.         0.15662651 0.83333333]]
matrix:[[1.         0.         0.         0.         0.        ]
 [0.         0.88461538 0.29882353 0.         0.        ]
 [0.         0.11538462 0.70117647 0.01282051 0.        ]
 [0.         0.         0.         0.85897436 0.16666667]
 [0.         0.         0.         0.12820513 0.83333333]]
matrix:[[1.         0.         0.         0.03174603 0.        ]
 [0.         0.95169082 0.20930233 0.         0.        ]
 [0.         0.04830918 0.79069767 0.         0.        ]
 [0.         0.         0.         0.96825397 0.36      ]
 [0.         0.         0.         0.         0.64      ]]
matrix:[[1.         0.         0.         0.         0.        ]
 [0.         0.92376682 0.100271   0.         0.        ]
 [0.         0.07623318 0.89701897 0.         0.        ]
 [0.         0.         0.00271003 1.         0.16666667]
 [0.         0.         0.         0.         0.83333333]]
matrix:[[1.         0.03474903 0.         0.02941176 0.        ]
 [0.         0.87258687 0.10479042 0.         0.        ]
 [0.         0.09266409 0.89520958 0.         0.        ]
 [0.         0.         0.         0.95588235 0.26923077]
 [0.         0.         0.         0.01470588 0.73076923]]
matrix:[[1.         0.         0.00245098 0.         0.        ]
 [0.         0.93181818 0.23284314 0.         0.        ]
 [0.         0.06818182 0.76470588 0.         0.        ]
 [0.         0.         0.         0.98333333 0.25925926]
 [0.         0.         0.         0.01666667 0.74074074]]
matrix:[[1.         0.         0.         0.         0.        ]
 [0.         0.9787234  0.24361949 0.         0.        ]
 [0.         0.0212766  0.75638051 0.         0.        ]
 [0.         0.         0.         0.95945946 0.17241379]
 [0.         0.         0.         0.04054054 0.82758621]]
matrix:[[1.         0.         0.0044843  0.         0.        ]
 [0.         0.87591241 0.30941704 0.         0.        ]
 [0.         0.12408759 0.68609865 0.01369863 0.        ]
 [0.         0.         0.         0.83561644 0.15384615]
 [0.         0.         0.         0.15068493 0.84615385]]
