matrix:[[0.         0.         0.         0.10837438 0.02484472]
 [0.3125     0.30275229 0.33928571 0.5320197  0.32298137]
 [0.5        0.63302752 0.58928571 0.31034483 0.44099379]
 [0.125      0.05504587 0.05357143 0.03940887 0.14285714]
 [0.0625     0.00917431 0.01785714 0.00985222 0.06832298]]
matrix:[[0.16666667 0.37037037 0.04661017 0.         0.04371585]
 [0.20833333 0.25925926 0.37076271 0.         0.28415301]
 [0.04166667 0.22222222 0.49576271 0.         0.45355191]
 [0.29166667 0.11111111 0.08474576 0.         0.12021858]
 [0.29166667 0.03703704 0.00211864 0.         0.09836066]]
matrix:[[0.20833333 0.         0.         0.         0.        ]
 [0.225      0.52       0.63636364 0.2        0.36153846]
 [0.51666667 0.3        0.09090909 0.8        0.47884615]
 [0.05       0.16       0.18181818 0.         0.12307692]
 [0.         0.02       0.09090909 0.         0.03653846]]
matrix:[[0.02426343 0.         0.17894737 0.05555556 0.        ]
 [0.37954939 0.         0.12631579 0.22222222 0.8125    ]
 [0.48353553 0.         0.58947368 0.22222222 0.1875    ]
 [0.08145581 0.         0.08421053 0.44444444 0.        ]
 [0.03119584 0.         0.02105263 0.05555556 0.        ]]
matrix:[[0.00255754 0.19672131 0.03846154 0.         0.38888889]
 [0.39897698 0.24590164 0.22307692 0.62222222 0.33333333]
 [0.55242967 0.31967213 0.51538462 0.37777778 0.11111111]
 [0.04603581 0.07377049 0.21538462 0.         0.        ]
 [0.         0.16393443 0.00769231 0.         0.16666667]]
matrix:[[0.02657005 0.09302326 0.14705882 0.         0.07792208]
 [0.32850242 0.3255814  0.59803922 0.54285714 0.11688312]
 [0.53140097 0.20930233 0.21568627 0.41428571 0.62337662]
 [0.08937198 0.09302326 0.03921569 0.04285714 0.14285714]
 [0.02415459 0.27906977 0.         0.         0.03896104]]
matrix:[[0.00595238 0.         0.18181818 0.07645875 0.        ]
 [0.51190476 0.         0.36363636 0.3360161  0.03703704]
 [0.43452381 0.         0.18181818 0.46076459 0.7037037 ]
 [0.0297619  0.66666667 0.27272727 0.10663984 0.03703704]
 [0.01785714 0.33333333 0.         0.02012072 0.22222222]]
matrix:[[0.02462121 0.         0.65517241 0.         0.        ]
 [0.40909091 0.01449275 0.34482759 0.33962264 0.48148148]
 [0.48863636 0.34782609 0.         0.60377358 0.37037037]
 [0.07765152 0.33333333 0.         0.05660377 0.07407407]
 [0.         0.30434783 0.         0.         0.07407407]]
matrix:[[0.         0.         0.28571429 0.05142857 0.        ]
 [0.57142857 0.22727273 0.31428571 0.39047619 0.        ]
 [0.21428571 0.71969697 0.05714286 0.43428571 0.        ]
 [0.         0.0530303  0.11428571 0.10095238 0.        ]
 [0.21428571 0.         0.22857143 0.02285714 0.        ]]
matrix:[[0.         0.         0.05555556 0.0741688  0.00390625]
 [0.06060606 0.         0.44444444 0.26086957 0.53125   ]
 [0.66666667 0.         0.         0.49872123 0.44140625]
 [0.27272727 0.         0.44444444 0.10997442 0.0234375 ]
 [0.         1.         0.05555556 0.05626598 0.        ]]
