matrix:[[1.         0.         0.         0.         0.        ]
 [0.         0.93644068 0.09638554 0.         0.        ]
 [0.         0.06355932 0.90361446 0.         0.        ]
 [0.         0.         0.         1.         0.17647059]
 [0.         0.         0.         0.         0.82352941]]
matrix:[[1.         0.00421941 0.         0.         0.        ]
 [0.         0.92405063 0.10495627 0.         0.        ]
 [0.         0.07172996 0.89504373 0.         0.        ]
 [0.         0.         0.         0.98611111 0.16      ]
 [0.         0.         0.         0.01388889 0.84      ]]
matrix:[[0.96875    0.         0.         0.         0.        ]
 [0.03125    0.97802198 0.15424165 0.         0.        ]
 [0.         0.02197802 0.84061697 0.         0.        ]
 [0.         0.         0.00514139 0.85714286 0.21052632]
 [0.         0.         0.         0.14285714 0.78947368]]
matrix:[[1.         0.         0.00273973 0.         0.        ]
 [0.         0.85185185 0.19452055 0.         0.        ]
 [0.         0.14814815 0.80273973 0.         0.        ]
 [0.         0.         0.         0.9375     0.14814815]
 [0.         0.         0.         0.0625     0.85185185]]
matrix:[[1.         0.         0.         0.01538462 0.        ]
 [0.         0.89211618 0.11695906 0.         0.        ]
 [0.         0.10788382 0.88304094 0.         0.        ]
 [0.         0.         0.         0.98461538 0.32      ]
 [0.         0.         0.         0.         0.68      ]]
matrix:[[1.         0.         0.         0.         0.        ]
 [0.         0.90789474 0.14447592 0.         0.        ]
 [0.         0.09210526 0.85269122 0.01694915 0.        ]
 [0.         0.         0.00283286 0.98305085 0.24137931]
 [0.         0.         0.         0.         0.75862069]]
matrix:[[1.         0.         0.         0.         0.        ]
 [0.         0.95652174 0.21782178 0.         0.        ]
 [0.         0.04347826 0.77970297 0.         0.        ]
 [0.         0.         0.00247525 1.         0.25      ]
 [0.         0.         0.         0.         0.75      ]]
matrix:[[1.         0.         0.         0.01123596 0.        ]
 [0.         0.95909091 0.11239193 0.         0.        ]
 [0.         0.04090909 0.88760807 0.         0.        ]
 [0.         0.         0.         0.86516854 0.2       ]
 [0.         0.         0.         0.12359551 0.8       ]]
matrix:[[1.         0.         0.         0.         0.        ]
 [0.         0.96685083 0.26987952 0.         0.        ]
 [0.         0.03314917 0.72771084 0.         0.        ]
 [0.         0.         0.00240964 1.         0.25      ]
 [0.         0.         0.         0.         0.75      ]]
matrix:[[1.         0.         0.         0.01470588 0.        ]
 [0.         0.97959184 0.27058824 0.         0.        ]
 [0.         0.02040816 0.72941176 0.04411765 0.        ]
 [0.         0.         0.         0.94117647 0.34375   ]
 [0.         0.         0.         0.         0.65625   ]]
