matrix:[[1.         0.         0.         0.         0.        ]
 [0.         0.91071429 0.14876033 0.         0.        ]
 [0.         0.08928571 0.85123967 0.         0.        ]
 [0.         0.         0.         1.         0.17647059]
 [0.         0.         0.         0.         0.82352941]]
matrix:[[1.         0.         0.         0.         0.        ]
 [0.         0.92857143 0.26811594 0.         0.        ]
 [0.         0.07142857 0.73188406 0.         0.        ]
 [0.         0.         0.         1.         0.18181818]
 [0.         0.         0.         0.         0.81818182]]
matrix:[[1.         0.         0.         0.         0.        ]
 [0.         0.90647482 0.30465116 0.         0.        ]
 [0.         0.09352518 0.69302326 0.         0.        ]
 [0.         0.         0.         1.         0.23684211]
 [0.         0.         0.00232558 0.         0.76315789]]
matrix:[[0.875      0.         0.         0.         0.        ]
 [0.125      0.93193717 0.15079365 0.         0.        ]
 [0.         0.06806283 0.84920635 0.         0.        ]
 [0.         0.         0.         1.         0.20588235]
 [0.         0.         0.         0.         0.79411765]]
matrix:[[0.97058824 0.00947867 0.         0.         0.        ]
 [0.02941176 0.95260664 0.14864865 0.         0.        ]
 [0.         0.03791469 0.85135135 0.         0.        ]
 [0.         0.         0.         1.         0.34285714]
 [0.         0.         0.         0.         0.65714286]]
matrix:[[1.         0.         0.         0.         0.        ]
 [0.         0.96407186 0.2464455  0.         0.        ]
 [0.         0.03592814 0.7535545  0.         0.        ]
 [0.         0.         0.         1.         0.12      ]
 [0.         0.         0.         0.         0.88      ]]
matrix:[[0.97368421 0.         0.         0.         0.        ]
 [0.02631579 0.94382022 0.23514212 0.         0.        ]
 [0.         0.05617978 0.76485788 0.         0.        ]
 [0.         0.         0.         1.         0.21621622]
 [0.         0.         0.         0.         0.78378378]]
matrix:[[0.97297297 0.         0.         0.         0.        ]
 [0.02702703 0.91818182 0.13019391 0.         0.        ]
 [0.         0.08181818 0.86980609 0.         0.        ]
 [0.         0.         0.         1.         0.20689655]
 [0.         0.         0.         0.         0.79310345]]
matrix:[[0.78947368 0.         0.         0.         0.        ]
 [0.21052632 0.97484277 0.19117647 0.         0.        ]
 [0.         0.02515723 0.80882353 0.         0.        ]
 [0.         0.         0.         1.         0.24242424]
 [0.         0.         0.         0.         0.75757576]]
matrix:[[1.         0.         0.         0.         0.        ]
 [0.         0.93087558 0.16010499 0.         0.        ]
 [0.         0.06912442 0.83989501 0.         0.        ]
 [0.         0.         0.         1.         0.25      ]
 [0.         0.         0.         0.         0.75      ]]
