matrix:[[1.         0.4        0.00693241 0.         0.        ]
 [0.         0.6        0.42980936 0.         0.        ]
 [0.         0.         0.56325823 0.         0.        ]
 [0.         0.         0.         0.88888889 0.2       ]
 [0.         0.         0.         0.11111111 0.8       ]]
matrix:[[1.         0.92857143 0.00176056 0.         0.        ]
 [0.         0.         0.41197183 0.         0.        ]
 [0.         0.         0.58450704 0.         0.        ]
 [0.         0.03571429 0.00176056 0.75247525 0.        ]
 [0.         0.03571429 0.         0.24752475 0.        ]]
matrix:[[1.         0.94117647 0.01225919 0.         0.        ]
 [0.         0.05882353 0.43257443 0.         0.        ]
 [0.         0.         0.55516637 0.         0.        ]
 [0.         0.         0.         0.78888889 0.15384615]
 [0.         0.         0.         0.21111111 0.84615385]]
matrix:[[0.         0.68181818 0.01324503 0.         0.        ]
 [0.         0.04545455 0.4205298  0.         0.        ]
 [0.         0.         0.50496689 0.         0.        ]
 [0.         0.27272727 0.05960265 1.         0.31428571]
 [0.         0.         0.00165563 0.         0.68571429]]
matrix:[[1.         1.         0.00827815 0.         0.        ]
 [0.         0.         0.44205298 0.         0.        ]
 [0.         0.         0.54966887 0.         0.        ]
 [0.         0.         0.         0.76623377 0.        ]
 [0.         0.         0.         0.23376623 1.        ]]
matrix:[[1.         0.22222222 0.01677852 0.         0.        ]
 [0.         0.77777778 0.41107383 0.         0.        ]
 [0.         0.         0.56879195 0.         0.        ]
 [0.         0.         0.         0.67948718 0.        ]
 [0.         0.         0.0033557  0.32051282 0.        ]]
matrix:[[1.         1.         0.01372213 0.         0.        ]
 [0.         0.         0.44253859 0.         0.        ]
 [0.         0.         0.54373928 0.         0.        ]
 [0.         0.         0.         0.78350515 0.5       ]
 [0.         0.         0.         0.21649485 0.5       ]]
matrix:[[1.         0.25       0.0034904  0.         0.        ]
 [0.         0.75       0.44851658 0.         0.        ]
 [0.         0.         0.54624782 0.         0.        ]
 [0.         0.         0.0017452  0.98529412 0.23529412]
 [0.         0.         0.         0.01470588 0.76470588]]
matrix:[[0.         0.42222222 0.         0.         0.        ]
 [0.         0.52222222 0.38404453 0.         0.        ]
 [0.         0.05555556 0.60111317 0.         0.        ]
 [0.         0.         0.01298701 0.71621622 0.        ]
 [0.         0.         0.00185529 0.28378378 1.        ]]
matrix:[[1.         0.14492754 0.00722022 0.         0.        ]
 [0.         0.52173913 0.38808664 0.         0.        ]
 [0.         0.15942029 0.56137184 0.         0.        ]
 [0.         0.17391304 0.0433213  0.96969697 0.28571429]
 [0.         0.         0.         0.03030303 0.71428571]]
