matrix:[[1.         0.         0.         0.         0.        ]
 [0.         0.95594714 0.08474576 0.         0.        ]
 [0.         0.04405286 0.91525424 0.01639344 0.        ]
 [0.         0.         0.         0.98360656 0.32142857]
 [0.         0.         0.         0.         0.67857143]]
matrix:[[1.         0.         0.         0.         0.        ]
 [0.         1.         0.35685484 0.         0.        ]
 [0.         0.         0.64314516 0.         0.        ]
 [0.         0.         0.         0.82894737 0.125     ]
 [0.         0.         0.         0.17105263 0.875     ]]
matrix:[[1.         0.01388889 0.00278552 0.         0.        ]
 [0.         0.89351852 0.1281337  0.         0.        ]
 [0.         0.09259259 0.86908078 0.         0.        ]
 [0.         0.         0.         0.7032967  0.33333333]
 [0.         0.         0.         0.2967033  0.66666667]]
matrix:[[1.         0.         0.         0.         0.        ]
 [0.         0.94285714 0.1035503  0.         0.        ]
 [0.         0.05714286 0.89349112 0.         0.        ]
 [0.         0.         0.00295858 0.85185185 0.17647059]
 [0.         0.         0.         0.14814815 0.82352941]]
matrix:[[1.         0.00840336 0.         0.         0.        ]
 [0.         0.92016807 0.06896552 0.         0.        ]
 [0.         0.07142857 0.92816092 0.01612903 0.        ]
 [0.         0.         0.00287356 0.93548387 0.15384615]
 [0.         0.         0.         0.0483871  0.84615385]]
matrix:[[0.96296296 0.         0.         0.         0.        ]
 [0.03703704 0.89956332 0.1025641  0.         0.        ]
 [0.         0.10043668 0.8974359  0.         0.        ]
 [0.         0.         0.         0.8313253  0.125     ]
 [0.         0.         0.         0.1686747  0.875     ]]
matrix:[[1.         0.         0.         0.         0.        ]
 [0.         0.94146341 0.15384615 0.         0.        ]
 [0.         0.05853659 0.83819629 0.         0.        ]
 [0.         0.         0.00795756 1.         0.12121212]
 [0.         0.         0.         0.         0.87878788]]
matrix:[[0.97435897 0.01503759 0.         0.         0.        ]
 [0.02564103 0.92481203 0.28117914 0.         0.        ]
 [0.         0.06015038 0.71882086 0.         0.        ]
 [0.         0.         0.         0.70967742 0.        ]
 [0.         0.         0.         0.29032258 0.        ]]
matrix:[[1.         0.         0.00210084 0.         0.        ]
 [0.         0.98095238 0.31302521 0.         0.        ]
 [0.         0.01904762 0.68487395 0.         0.        ]
 [0.         0.         0.         1.         0.23333333]
 [0.         0.         0.         0.         0.76666667]]
matrix:[[1.         0.00578035 0.00245098 0.         0.        ]
 [0.         0.94219653 0.20098039 0.         0.        ]
 [0.         0.05202312 0.79656863 0.         0.        ]
 [0.         0.         0.         1.         0.28571429]
 [0.         0.         0.         0.         0.71428571]]
