matrix:[[0.97297297 0.         0.         0.         0.        ]
 [0.02702703 0.98095238 0.32432432 0.         0.        ]
 [0.         0.01904762 0.67359667 0.         0.        ]
 [0.         0.         0.002079   0.96428571 0.33333333]
 [0.         0.         0.         0.03571429 0.66666667]]
matrix:[[0.96875    0.         0.         0.         0.        ]
 [0.         0.72727273 0.35227273 0.         0.        ]
 [0.         0.27272727 0.56628788 0.         0.        ]
 [0.03125    0.         0.08143939 0.         0.44680851]
 [0.         0.         0.         0.         0.55319149]]
matrix:[[1.         0.01724138 0.         0.         0.        ]
 [0.         0.94827586 0.39223301 0.         0.        ]
 [0.         0.03448276 0.60582524 0.01075269 0.        ]
 [0.         0.         0.00194175 0.74193548 0.1       ]
 [0.         0.         0.         0.24731183 0.9       ]]
matrix:[[1.         0.01       0.00207469 0.         0.        ]
 [0.         0.96       0.34024896 0.         0.        ]
 [0.         0.03       0.65560166 0.         0.        ]
 [0.         0.         0.00207469 0.95384615 0.2962963 ]
 [0.         0.         0.         0.04615385 0.7037037 ]]
matrix:[[0.82758621 0.         0.         0.         0.        ]
 [0.         0.94021739 0.21100917 0.         0.        ]
 [0.         0.05978261 0.72018349 0.         0.        ]
 [0.17241379 0.         0.06880734 0.         0.50877193]
 [0.         0.         0.         0.         0.49122807]]
matrix:[[1.         0.04324324 0.         0.         0.        ]
 [0.         0.88648649 0.24876847 0.         0.        ]
 [0.         0.07027027 0.74384236 0.         0.        ]
 [0.         0.         0.00738916 0.71910112 0.        ]
 [0.         0.         0.         0.28089888 0.        ]]
matrix:[[1.         0.         0.         0.         0.        ]
 [0.         0.77368421 0.27295918 0.         0.        ]
 [0.         0.22631579 0.72193878 0.         0.        ]
 [0.         0.         0.00510204 0.73033708 0.        ]
 [0.         0.         0.         0.26966292 0.        ]]
matrix:[[1.         0.         0.         0.         0.        ]
 [0.         0.91447368 0.25304136 0.         0.        ]
 [0.         0.08552632 0.74695864 0.02816901 0.        ]
 [0.         0.         0.         0.94366197 0.12121212]
 [0.         0.         0.         0.02816901 0.87878788]]
matrix:[[1.         0.         0.         0.         0.        ]
 [0.         0.94545455 0.23222749 0.         0.        ]
 [0.         0.05454545 0.76777251 0.01315789 0.        ]
 [0.         0.         0.         0.84210526 0.        ]
 [0.         0.         0.         0.14473684 1.        ]]
matrix:[[0.96875    0.00549451 0.         0.         0.        ]
 [0.03125    0.91208791 0.2039312  0.         0.        ]
 [0.         0.08241758 0.79115479 0.         0.        ]
 [0.         0.         0.004914   0.81944444 0.23076923]
 [0.         0.         0.         0.18055556 0.76923077]]
