matrix:[[1.         0.09937888 0.         0.         0.        ]
 [0.         0.76397516 0.26914153 0.         0.        ]
 [0.         0.13664596 0.73085847 0.         0.        ]
 [0.         0.         0.         0.8        0.28571429]
 [0.         0.         0.         0.2        0.71428571]]
matrix:[[1.         0.         0.         0.         0.        ]
 [0.         0.89880952 0.24817518 0.         0.        ]
 [0.         0.10119048 0.75182482 0.         0.        ]
 [0.         0.         0.         1.         0.23809524]
 [0.         0.         0.         0.         0.76190476]]
matrix:[[1.         0.00485437 0.00269542 0.         0.        ]
 [0.         0.90776699 0.18328841 0.         0.        ]
 [0.         0.08737864 0.81401617 0.         0.        ]
 [0.         0.         0.         0.8255814  0.2       ]
 [0.         0.         0.         0.1744186  0.8       ]]
matrix:[[1.         0.         0.         0.         0.        ]
 [0.         0.97619048 0.33333333 0.         0.        ]
 [0.         0.02380952 0.66262626 0.         0.        ]
 [0.         0.         0.0040404  1.         0.21875   ]
 [0.         0.         0.         0.         0.78125   ]]
matrix:[[0.85       0.         0.         0.         0.        ]
 [0.15       0.8677686  0.35320088 0.         0.        ]
 [0.         0.1322314  0.64679912 0.         0.        ]
 [0.         0.         0.         0.72619048 0.625     ]
 [0.         0.         0.         0.27380952 0.375     ]]
matrix:[[0.97222222 0.01587302 0.         0.         0.        ]
 [0.02777778 0.9047619  0.25764192 0.         0.        ]
 [0.         0.07936508 0.74017467 0.01612903 0.        ]
 [0.         0.         0.00218341 0.98387097 0.20833333]
 [0.         0.         0.         0.         0.79166667]]
matrix:[[1.         0.00735294 0.         0.         0.        ]
 [0.         0.94852941 0.30580357 0.         0.        ]
 [0.         0.04411765 0.69419643 0.         0.        ]
 [0.         0.         0.         1.         0.23333333]
 [0.         0.         0.         0.         0.76666667]]
matrix:[[1.         0.00793651 0.00308642 0.         0.03333333]
 [0.         0.92063492 0.08950617 0.         0.        ]
 [0.         0.07142857 0.90740741 0.         0.        ]
 [0.         0.         0.         1.         0.23333333]
 [0.         0.         0.         0.         0.73333333]]
matrix:[[0.96428571 0.         0.         0.         0.        ]
 [0.03571429 0.89932886 0.29493088 0.         0.        ]
 [0.         0.10067114 0.70506912 0.01190476 0.        ]
 [0.         0.         0.         0.83333333 0.18181818]
 [0.         0.         0.         0.1547619  0.81818182]]
matrix:[[0.975      0.         0.         0.         0.        ]
 [0.025      0.94897959 0.35864979 0.         0.        ]
 [0.         0.05102041 0.63924051 0.         0.        ]
 [0.         0.         0.0021097  1.         0.30769231]
 [0.         0.         0.         0.         0.69230769]]
