matrix:[[0.32098765 0.04166667 0.01869159 0.02702703 0.        ]
 [0.54320988 0.25       0.4953271  0.45945946 0.22857143]
 [0.11111111 0.66666667 0.44859813 0.2972973  0.54285714]
 [0.02469136 0.         0.02803738 0.21621622 0.16857143]
 [0.         0.04166667 0.00934579 0.         0.06      ]]
matrix:[[0.         0.         0.05536332 0.         0.13333333]
 [0.         0.44       0.39100346 0.30434783 0.28888889]
 [0.58333333 0.56       0.47404844 0.23913043 0.31111111]
 [0.08333333 0.         0.07958478 0.13043478 0.24444444]
 [0.33333333 0.         0.         0.32608696 0.02222222]]
matrix:[[0.00226757 0.66666667 0.06666667 0.         0.45      ]
 [0.27891156 0.11111111 0.13333333 0.56906077 0.25      ]
 [0.58276644 0.         0.66666667 0.34254144 0.        ]
 [0.12471655 0.         0.06666667 0.06629834 0.1       ]
 [0.01133787 0.22222222 0.06666667 0.02209945 0.2       ]]
matrix:[[0.01904762 0.         0.12       0.35294118 0.08      ]
 [0.35238095 0.28690808 0.44571429 0.05882353 0.34      ]
 [0.44761905 0.55988858 0.38285714 0.29411765 0.14      ]
 [0.18095238 0.15041783 0.00571429 0.23529412 0.1       ]
 [0.         0.00278552 0.04571429 0.05882353 0.34      ]]
matrix:[[0.4375     0.02053712 0.66666667 0.25       0.        ]
 [0.1875     0.34913112 0.         0.75       0.53846154]
 [0.125      0.49605055 0.         0.         0.25641026]
 [0.25       0.09636651 0.16666667 0.         0.15384615]
 [0.         0.03791469 0.16666667 0.         0.05128205]]
matrix:[[0.07954545 0.         0.0047619  0.27631579 0.        ]
 [0.23863636 0.         0.46428571 0.32894737 0.04918033]
 [0.5        0.         0.46904762 0.26315789 0.56557377]
 [0.15909091 0.         0.06190476 0.01315789 0.28688525]
 [0.02272727 0.         0.         0.11842105 0.09836066]]
matrix:[[0.04496124 0.33333333 0.         0.         0.        ]
 [0.36589147 0.42424242 0.61538462 0.33333333 0.33333333]
 [0.47286822 0.15151515 0.23076923 0.66666667 0.08333333]
 [0.09302326 0.03030303 0.15384615 0.         0.16666667]
 [0.02325581 0.06060606 0.         0.         0.41666667]]
matrix:[[0.         0.07142857 0.08832808 0.         0.        ]
 [0.5106383  0.26785714 0.30599369 0.         0.        ]
 [0.41033435 0.58928571 0.40694006 0.         0.        ]
 [0.07902736 0.03571429 0.11356467 0.25       0.        ]
 [0.         0.03571429 0.0851735  0.75       0.        ]]
matrix:[[0.         0.0755814  0.00980392 0.21875    0.        ]
 [0.         0.375      0.30065359 0.65625    0.        ]
 [0.08333333 0.46511628 0.55228758 0.125      0.        ]
 [0.20833333 0.06395349 0.12745098 0.         0.        ]
 [0.70833333 0.02034884 0.00980392 0.         0.        ]]
matrix:[[0.         0.8        0.0125     0.52777778 0.02973978]
 [0.30379747 0.         0.45       0.08333333 0.50185874]
 [0.57594937 0.2        0.3375     0.         0.37918216]
 [0.11708861 0.         0.2        0.22222222 0.03717472]
 [0.00316456 0.         0.         0.16666667 0.05204461]]
