matrix:[[0.         0.         0.05564142 0.         0.        ]
 [0.         0.         0.39258114 0.         0.        ]
 [0.         0.         0.51159196 0.01694915 0.        ]
 [0.         0.         0.03863988 0.52542373 0.        ]
 [0.         0.         0.0015456  0.45762712 0.        ]]
matrix:[[1.         0.         0.04285714 0.         0.        ]
 [0.         0.         0.40634921 0.         0.        ]
 [0.         0.         0.52063492 0.         0.        ]
 [0.         0.         0.03015873 0.72307692 0.        ]
 [0.         0.         0.         0.27692308 1.        ]]
matrix:[[0.81818182 0.         0.         0.         0.        ]
 [0.18181818 1.         0.43441227 0.         0.        ]
 [0.         0.         0.51788756 0.         0.        ]
 [0.         0.         0.04770017 1.         0.30555556]
 [0.         0.         0.         0.         0.69444444]]
matrix:[[0.84848485 0.         0.00338409 0.         0.        ]
 [0.15151515 0.         0.40270728 0.         0.        ]
 [0.         0.         0.58375635 0.         0.        ]
 [0.         0.         0.01015228 0.75949367 0.33333333]
 [0.         0.         0.         0.24050633 0.66666667]]
matrix:[[0.96774194 0.04347826 0.0051458  0.         0.        ]
 [0.03225806 0.95652174 0.40137221 0.         0.        ]
 [0.         0.         0.55746141 0.         0.        ]
 [0.         0.         0.03602058 0.79591837 0.25      ]
 [0.         0.         0.         0.20408163 0.75      ]]
matrix:[[1.         0.         0.0066335  0.         0.        ]
 [0.         0.         0.45107794 0.         0.        ]
 [0.         0.         0.52736318 0.05       0.        ]
 [0.         0.         0.01492537 0.7125     0.        ]
 [0.         0.         0.         0.2375     1.        ]]
matrix:[[1.         0.         0.00522648 0.         0.        ]
 [0.         1.         0.39721254 0.         0.        ]
 [0.         0.         0.56445993 0.         0.        ]
 [0.         0.         0.03135889 0.71212121 0.5       ]
 [0.         0.         0.00174216 0.28787879 0.5       ]]
matrix:[[1.         0.         0.00704225 0.         0.        ]
 [0.         1.         0.40492958 0.         0.        ]
 [0.         0.         0.56514085 0.01851852 0.        ]
 [0.         0.         0.02288732 0.92592593 0.25      ]
 [0.         0.         0.         0.05555556 0.75      ]]
matrix:[[0.8974359  0.         0.00356506 0.         0.        ]
 [0.1025641  1.         0.39215686 0.         0.        ]
 [0.         0.         0.5828877  0.         0.        ]
 [0.         0.         0.02139037 0.78571429 0.25      ]
 [0.         0.         0.         0.21428571 0.75      ]]
matrix:[[1.         0.24137931 0.03583618 0.         0.        ]
 [0.         0.75862069 0.37883959 0.         0.        ]
 [0.         0.         0.58361775 0.01388889 0.        ]
 [0.         0.         0.00170648 0.70833333 0.6       ]
 [0.         0.         0.         0.27777778 0.4       ]]
