matrix:[[0.         0.         0.04107649 0.         0.        ]
 [0.         0.         0.34135977 0.         0.        ]
 [0.         0.         0.48016997 0.         0.        ]
 [0.         0.         0.101983   0.         0.        ]
 [0.         0.         0.03541076 0.         0.        ]]
matrix:[[0.         0.         0.04249292 0.         0.        ]
 [0.         0.         0.40226629 0.         0.        ]
 [0.         0.         0.42067989 0.         0.        ]
 [0.         0.         0.09206799 0.         0.        ]
 [0.         0.         0.04249292 0.         0.        ]]
matrix:[[0.         0.         0.04815864 0.         0.        ]
 [0.         0.         0.40226629 0.         0.        ]
 [0.         0.         0.44759207 0.         0.        ]
 [0.         0.         0.07648725 0.         0.        ]
 [0.         0.         0.02549575 0.         0.        ]]
matrix:[[0.         0.         0.05807365 0.         0.        ]
 [0.         0.         0.35552408 0.         0.        ]
 [0.         0.         0.45184136 0.         0.        ]
 [0.         0.         0.09915014 0.         0.        ]
 [0.         0.         0.03541076 0.         0.        ]]
matrix:[[0.         0.         0.05524079 0.         0.        ]
 [0.         0.         0.35410765 0.         0.        ]
 [0.         0.         0.46883853 0.         0.        ]
 [0.         0.         0.09348442 0.         0.        ]
 [0.         0.         0.02832861 0.         0.        ]]
matrix:[[0.         0.         0.03966006 0.         0.        ]
 [0.         0.         0.38526912 0.         0.        ]
 [0.         0.         0.43909348 0.         0.        ]
 [0.         0.         0.10339943 0.         0.        ]
 [0.         0.         0.0325779  0.         0.        ]]
matrix:[[0.         0.         0.02549575 0.         0.        ]
 [0.         0.         0.36402266 0.         0.        ]
 [0.         0.         0.49858357 0.         0.        ]
 [0.         0.         0.08073654 0.         0.        ]
 [0.         0.         0.03116147 0.         0.        ]]
matrix:[[0.         0.         0.05807365 0.         0.        ]
 [0.         0.         0.3427762  0.         0.        ]
 [0.         0.         0.46175637 0.         0.        ]
 [0.         0.         0.101983   0.         0.        ]
 [0.         0.         0.03541076 0.         0.        ]]
matrix:[[0.         0.         0.05524079 0.         0.        ]
 [0.         0.         0.36968839 0.         0.        ]
 [0.         0.         0.4631728  0.         0.        ]
 [0.         0.         0.07790368 0.         0.        ]
 [0.         0.         0.03399433 0.         0.        ]]
matrix:[[0.         0.         0.04532578 0.         0.        ]
 [0.         0.         0.36543909 0.         0.        ]
 [0.         0.         0.45184136 0.         0.        ]
 [0.         0.         0.101983   0.         0.        ]
 [0.         0.         0.03541076 0.         0.        ]]
