matrix:[[1.         0.08333333 0.         0.         0.        ]
 [0.         0.83333333 0.38599349 0.         0.        ]
 [0.         0.08333333 0.54071661 0.         0.        ]
 [0.         0.         0.0732899  1.         0.19444444]
 [0.         0.         0.         0.         0.80555556]]
matrix:[[0.74468085 0.33333333 0.00161551 0.         0.        ]
 [0.25531915 0.66666667 0.36995153 0.         0.        ]
 [0.         0.         0.53634895 0.         0.        ]
 [0.         0.         0.09208401 1.         0.30555556]
 [0.         0.         0.         0.         0.69444444]]
matrix:[[0.80487805 0.125      0.00178253 0.         0.        ]
 [0.19512195 0.75       0.42602496 0.         0.        ]
 [0.         0.125      0.57040998 0.         0.        ]
 [0.         0.         0.00178253 1.         0.27586207]
 [0.         0.         0.         0.         0.72413793]]
matrix:[[1.         0.         0.03747871 0.         0.        ]
 [0.         0.66666667 0.439523   0.         0.        ]
 [0.         0.33333333 0.51618399 0.         0.        ]
 [0.         0.         0.00511073 1.         0.26666667]
 [0.         0.         0.00170358 0.         0.73333333]]
matrix:[[0.8        0.25       0.         0.         0.        ]
 [0.2        0.75       0.41307815 0.         0.        ]
 [0.         0.         0.48484848 0.         0.        ]
 [0.         0.         0.10207337 0.         0.3       ]
 [0.         0.         0.         0.         0.7       ]]
matrix:[[0.68888889 0.         0.         0.         0.        ]
 [0.31111111 1.         0.38314785 0.         0.        ]
 [0.         0.         0.50874404 0.         0.        ]
 [0.         0.         0.10810811 0.         0.2       ]
 [0.         0.         0.         0.         0.8       ]]
matrix:[[0.775      0.         0.         0.         0.        ]
 [0.225      1.         0.3977813  0.         0.        ]
 [0.         0.         0.50713154 0.         0.        ]
 [0.         0.         0.09508716 1.         0.28571429]
 [0.         0.         0.         0.         0.71428571]]
matrix:[[0.81578947 0.         0.         0.         0.        ]
 [0.18421053 1.         0.44982699 0.         0.        ]
 [0.         0.         0.54844291 0.         0.        ]
 [0.         0.         0.0017301  1.         0.34482759]
 [0.         0.         0.         0.         0.65517241]]
matrix:[[0.84615385 0.         0.         0.         0.        ]
 [0.15384615 0.84615385 0.40241796 0.         0.        ]
 [0.         0.15384615 0.59585492 0.         0.        ]
 [0.         0.         0.00172712 1.         0.11538462]
 [0.         0.         0.         0.         0.88461538]]
matrix:[[0.71794872 0.08333333 0.         0.         0.        ]
 [0.28205128 0.66666667 0.43181818 0.         0.        ]
 [0.         0.25       0.56293706 0.         0.        ]
 [0.         0.         0.00524476 1.         0.22222222]
 [0.         0.         0.         0.         0.77777778]]
