matrix:[[0.         0.         0.04107649 0.         0.        ]
 [0.         0.         0.40226629 0.         0.        ]
 [0.         0.         0.42351275 0.         0.        ]
 [0.         0.         0.10056657 0.         0.        ]
 [0.         0.         0.0325779  0.         0.        ]]
matrix:[[0.         1.         0.03290415 0.         0.        ]
 [0.         0.         0.36909871 0.         0.        ]
 [0.         0.         0.45922747 0.         0.        ]
 [0.         0.         0.10586552 0.         0.33333333]
 [0.         0.         0.03290415 1.         0.66666667]]
matrix:[[0.         0.         0.0618705  0.         0.        ]
 [0.         0.         0.38129496 0.         0.        ]
 [0.         0.         0.45035971 0.         0.        ]
 [0.         0.         0.08920863 1.         0.3       ]
 [0.         0.         0.01726619 0.         0.7       ]]
matrix:[[0.         0.         0.05208333 0.         0.        ]
 [0.         0.         0.37797619 0.         0.        ]
 [0.         0.         0.46428571 0.         0.        ]
 [0.         0.         0.10565476 0.         0.23529412]
 [0.         0.         0.         0.         0.76470588]]
matrix:[[0.         0.         0.05671642 0.         0.        ]
 [0.         0.         0.37761194 0.         0.        ]
 [0.         0.         0.47761194 0.         0.        ]
 [0.         0.         0.0880597  0.         0.25      ]
 [0.         0.         0.         0.         0.75      ]]
matrix:[[0.         0.         0.04881657 0.         0.        ]
 [0.         0.         0.38757396 0.         0.        ]
 [0.         0.         0.46745562 0.         0.        ]
 [0.         0.         0.09615385 0.         0.16666667]
 [0.         0.         0.         0.         0.83333333]]
matrix:[[0.         0.         0.05316092 0.         0.        ]
 [0.         0.         0.38649425 0.         0.        ]
 [0.         0.         0.45689655 0.         0.        ]
 [0.         0.         0.08764368 0.5        0.5       ]
 [0.         0.         0.0158046  0.5        0.5       ]]
matrix:[[0.         1.         0.03438395 0.         0.        ]
 [0.         0.         0.40544413 0.         0.        ]
 [0.         0.         0.43696275 0.         0.        ]
 [0.         0.         0.09025788 0.         0.        ]
 [0.         0.         0.03295129 0.         0.        ]]
matrix:[[0.         0.         0.05135521 0.         0.        ]
 [0.         0.         0.37517832 0.         0.        ]
 [0.         0.         0.44365193 0.         0.        ]
 [0.         0.         0.09557775 0.4        0.        ]
 [0.         0.         0.0342368  0.6        0.        ]]
matrix:[[0.         0.         0.04815864 0.         0.        ]
 [0.         0.         0.35694051 0.         0.        ]
 [0.         0.         0.48016997 0.         0.        ]
 [0.         0.         0.08215297 0.         0.        ]
 [0.         0.         0.0325779  0.         0.        ]]
