matrix:[[0.16071429 0.14049587 0.13669065 0.28343558 0.16666667]
 [0.15178571 0.14049587 0.20863309 0.10920245 0.03333333]
 [0.14732143 0.4214876  0.21582734 0.23435583 0.63333333]
 [0.36160714 0.09917355 0.08920863 0.25398773 0.        ]
 [0.17857143 0.19834711 0.34964029 0.1190184  0.16666667]]
matrix:[[0.38095238 0.20143885 0.33333333 0.10169492 0.18181818]
 [0.28571429 0.132494   0.16666667 0.18644068 0.3       ]
 [0.07142857 0.26258993 0.         0.10169492 0.13636364]
 [0.19047619 0.19484412 0.33333333 0.08474576 0.18181818]
 [0.07142857 0.20863309 0.16666667 0.52542373 0.2       ]]
matrix:[[0.4083045  0.14705882 0.17440975 0.26       0.44827586]
 [0.04844291 0.17156863 0.1614623  0.08       0.06896552]
 [0.29065744 0.3872549  0.21629855 0.3        0.13793103]
 [0.183391   0.18627451 0.20639756 0.16       0.17241379]
 [0.06920415 0.10784314 0.24143184 0.2        0.17241379]]
matrix:[[0.38095238 0.27453988 0.18695652 0.15254237 0.13065327]
 [0.         0.03680982 0.24565217 0.14971751 0.20854271]
 [0.42857143 0.39110429 0.0826087  0.31920904 0.14070352]
 [0.14285714 0.16564417 0.19347826 0.11016949 0.31909548]
 [0.04761905 0.13190184 0.29130435 0.26836158 0.20100503]]
matrix:[[0.33333333 0.21005251 0.33548387 0.16516517 0.29310345]
 [0.         0.16504126 0.16129032 0.0990991  0.15517241]
 [0.33333333 0.22655664 0.27096774 0.27327327 0.20689655]
 [0.16666667 0.14253563 0.15483871 0.33633634 0.13793103]
 [0.16666667 0.25581395 0.07741935 0.12612613 0.20689655]]
matrix:[[0.38424821 0.2173913  0.15494012 0.26       0.28571429]
 [0.04057279 0.04347826 0.19535928 0.06       0.14285714]
 [0.24582339 0.2173913  0.24101796 0.29       0.28571429]
 [0.2124105  0.47826087 0.19011976 0.19       0.14285714]
 [0.11694511 0.04347826 0.21856287 0.2        0.14285714]]
matrix:[[0.1686747  0.17923497 0.15       0.21438263 0.48461538]
 [0.21686747 0.13661202 0.3        0.18588874 0.03076923]
 [0.34939759 0.30819672 0.3        0.1614654  0.11538462]
 [0.03614458 0.20437158 0.05       0.19674355 0.16923077]
 [0.22891566 0.1715847  0.2        0.24151967 0.2       ]]
matrix:[[0.21052632 0.39130435 0.2983871  0.25550661 0.13785558]
 [0.15789474 0.30434783 0.20564516 0.09397944 0.17067834]
 [0.21052632 0.         0.18548387 0.34067548 0.20131291]
 [0.36842105 0.         0.08870968 0.15418502 0.24179431]
 [0.05263158 0.30434783 0.22177419 0.15565345 0.24835886]]
matrix:[[0.10242588 0.28953771 0.20807062 0.09433962 0.28404669]
 [0.16442049 0.0729927  0.20554855 0.01886792 0.16342412]
 [0.09433962 0.3649635  0.20176545 0.69811321 0.26848249]
 [0.22911051 0.16545012 0.1778058  0.11320755 0.17120623]
 [0.4097035  0.10705596 0.20680958 0.0754717  0.11284047]]
matrix:[[0.3006993  0.         0.10746812 0.23684211 0.23076923]
 [0.06993007 0.         0.16029144 0.18684211 0.0979021 ]
 [0.38694639 1.         0.16393443 0.225      0.30769231]
 [0.1025641  0.         0.33879781 0.14473684 0.16083916]
 [0.13986014 0.         0.2295082  0.20657895 0.2027972 ]]
