matrix:[[0.         0.         0.03541076 0.         0.        ]
 [0.         0.         0.36260623 0.         0.        ]
 [0.         0.         0.4815864  0.         0.        ]
 [0.         0.         0.09065156 0.         0.        ]
 [0.         0.         0.02974504 0.         0.        ]]
matrix:[[0.         0.         0.04390935 0.         0.        ]
 [0.         0.         0.36827195 0.         0.        ]
 [0.         0.         0.46458924 0.         0.        ]
 [0.         0.         0.09206799 0.         0.        ]
 [0.         0.         0.03116147 0.         0.        ]]
matrix:[[0.         0.         0.05240793 0.         0.        ]
 [0.         0.         0.37393768 0.         0.        ]
 [0.         0.         0.45042493 0.         0.        ]
 [0.         0.         0.09490085 0.         0.        ]
 [0.         0.         0.02832861 0.         0.        ]]
matrix:[[0.         0.         0.05240793 0.         0.        ]
 [0.         0.         0.36827195 0.         0.        ]
 [0.         0.         0.45325779 0.         0.        ]
 [0.         0.         0.09206799 0.         0.        ]
 [0.         0.         0.03399433 0.         0.        ]]
matrix:[[0.         0.         0.03541076 0.         0.        ]
 [0.         0.         0.3796034  0.         0.        ]
 [0.         0.         0.45184136 0.         0.        ]
 [0.         0.         0.09206799 0.         0.        ]
 [0.         0.         0.04107649 0.         0.        ]]
matrix:[[0.         0.         0.05240793 0.         0.        ]
 [0.         0.         0.38243626 0.         0.        ]
 [0.         0.         0.43484419 0.         0.        ]
 [0.         0.         0.09348442 0.         0.        ]
 [0.         0.         0.0368272  0.         0.        ]]
matrix:[[0.         0.         0.05240793 0.         0.        ]
 [0.         0.         0.35835694 0.         0.        ]
 [0.         0.         0.44192635 0.         0.        ]
 [0.         0.         0.11048159 0.         0.        ]
 [0.         0.         0.0368272  0.         0.        ]]
matrix:[[0.         0.         0.05524079 0.         0.        ]
 [0.         0.         0.35552408 0.         0.        ]
 [0.         0.         0.45609065 0.         0.        ]
 [0.         0.         0.09773371 0.         0.        ]
 [0.         0.         0.03541076 0.         0.        ]]
matrix:[[0.         0.         0.04532578 0.         0.        ]
 [0.         0.         0.33994334 0.         0.        ]
 [0.         0.         0.46883853 0.         0.        ]
 [0.         0.         0.11189802 0.         0.        ]
 [0.         0.         0.03399433 0.         0.        ]]
matrix:[[0.         0.         0.04957507 0.         0.        ]
 [0.         0.         0.35552408 0.         0.        ]
 [0.         0.         0.47308782 0.         0.        ]
 [0.         0.         0.09348442 0.         0.        ]
 [0.         0.         0.02832861 0.         0.        ]]
