matrix:[[0.         0.         0.05672609 0.         0.        ]
 [0.         0.         0.42625608 0.         0.        ]
 [0.         0.         0.51701783 0.         0.        ]
 [0.         0.         0.         0.69662921 0.        ]
 [0.         0.         0.         0.30337079 0.        ]]
matrix:[[0.         1.         0.04111842 0.         0.        ]
 [0.         0.         0.43914474 0.         0.        ]
 [0.         0.         0.51480263 0.02298851 0.        ]
 [0.         0.         0.00493421 0.70114943 0.8       ]
 [0.         0.         0.         0.27586207 0.2       ]]
matrix:[[0.         0.         0.05501618 0.         0.        ]
 [0.         0.         0.41262136 0.         0.        ]
 [0.         0.         0.53236246 0.         0.        ]
 [0.         0.         0.         0.77272727 0.        ]
 [0.         0.         0.         0.22727273 0.        ]]
matrix:[[0.         0.         0.05177994 0.         0.        ]
 [0.         0.         0.42394822 0.         0.        ]
 [0.         0.         0.5210356  0.         0.        ]
 [0.         0.         0.00323625 0.72727273 0.        ]
 [0.         0.         0.         0.27272727 0.        ]]
matrix:[[0.         0.         0.05016722 0.         0.        ]
 [0.         0.         0.40802676 0.         0.        ]
 [0.         0.         0.54013378 0.0462963  0.        ]
 [0.         0.         0.00167224 0.73148148 0.        ]
 [0.         0.         0.         0.22222222 0.        ]]
matrix:[[0.         0.         0.05246423 0.         0.        ]
 [0.         0.         0.42289348 0.         0.        ]
 [0.         0.         0.52146264 0.01298701 0.        ]
 [0.         0.         0.00317965 0.68831169 0.        ]
 [0.         0.         0.         0.2987013  0.        ]]
matrix:[[0.         0.         0.0562701  0.         0.        ]
 [0.         0.         0.44212219 0.         0.        ]
 [0.         0.         0.50160772 0.02380952 0.        ]
 [0.         0.         0.         0.69047619 0.        ]
 [0.         0.         0.         0.28571429 0.        ]]
matrix:[[0.         1.         0.04418985 0.         0.33333333]
 [0.         0.         0.4304419  0.         0.        ]
 [0.         0.         0.52373159 0.01176471 0.        ]
 [0.         0.         0.00163666 0.8        0.        ]
 [0.         0.         0.         0.18823529 0.66666667]]
matrix:[[0.         0.         0.0732899  0.         0.        ]
 [0.         0.         0.42019544 0.         0.        ]
 [0.         0.         0.50488599 0.02173913 0.        ]
 [0.         0.         0.00162866 0.73913043 0.        ]
 [0.         0.         0.         0.23913043 0.        ]]
matrix:[[0.         0.         0.06788079 0.         0.        ]
 [0.         0.         0.40728477 0.         0.        ]
 [0.         0.         0.51986755 0.00980392 0.        ]
 [0.         0.         0.00496689 0.71568627 0.        ]
 [0.         0.         0.         0.2745098  0.        ]]
