matrix:[[1.         0.14035088 0.         0.         0.        ]
 [0.         0.76608187 0.30580357 0.         0.        ]
 [0.         0.09356725 0.68973214 0.         0.        ]
 [0.         0.         0.00446429 1.         0.2       ]
 [0.         0.         0.         0.         0.8       ]]
matrix:[[0.         1.         0.05028736 0.         0.        ]
 [0.         0.         0.36206897 0.         0.        ]
 [0.         0.         0.46264368 0.         0.        ]
 [0.         0.         0.09913793 0.28571429 1.        ]
 [0.         0.         0.02586207 0.71428571 0.        ]]
matrix:[[1.         1.         0.02380952 0.         0.        ]
 [0.         0.         0.42698413 0.         0.        ]
 [0.         0.         0.5047619  0.01694915 0.        ]
 [0.         0.         0.04444444 0.54237288 0.5       ]
 [0.         0.         0.         0.44067797 0.5       ]]
matrix:[[0.96551724 0.00847458 0.0021645  0.         0.        ]
 [0.03448276 0.87288136 0.33333333 0.         0.        ]
 [0.         0.11864407 0.66233766 0.         0.        ]
 [0.         0.         0.0021645  0.76595745 0.33333333]
 [0.         0.         0.         0.23404255 0.66666667]]
matrix:[[1.         0.17605634 0.00212766 0.         0.        ]
 [0.         0.69014085 0.35106383 0.         0.        ]
 [0.         0.13380282 0.63829787 0.01369863 0.        ]
 [0.         0.         0.00851064 0.75342466 0.11111111]
 [0.         0.         0.         0.23287671 0.88888889]]
matrix:[[0.78723404 0.         0.         0.         0.        ]
 [0.21276596 0.         0.44055944 0.         0.        ]
 [0.         0.         0.55769231 0.03488372 0.        ]
 [0.         0.         0.00174825 0.6627907  0.        ]
 [0.         0.         0.         0.30232558 1.        ]]
matrix:[[1.         0.00934579 0.00426439 0.         0.        ]
 [0.         0.85046729 0.30277186 0.         0.        ]
 [0.         0.14018692 0.68656716 0.0125     0.        ]
 [0.         0.         0.00639659 0.825      0.25      ]
 [0.         0.         0.         0.1625     0.75      ]]
matrix:[[1.         0.04658385 0.00757576 0.         0.        ]
 [0.         0.78571429 0.04166667 0.         0.        ]
 [0.         0.16770186 0.95075758 0.03529412 0.        ]
 [0.         0.         0.         0.85882353 0.30434783]
 [0.         0.         0.         0.10588235 0.69565217]]
matrix:[[1.         0.19277108 0.00749064 0.         0.        ]
 [0.         0.77108434 0.34644195 0.         0.        ]
 [0.         0.03614458 0.62172285 0.         0.        ]
 [0.         0.         0.02434457 0.7375     0.        ]
 [0.         0.         0.         0.2625     0.        ]]
matrix:[[1.         0.         0.02852853 0.         0.        ]
 [0.         1.         0.39339339 0.         0.        ]
 [0.         0.         0.48948949 0.         0.        ]
 [0.         0.         0.07957958 1.         0.14814815]
 [0.         0.         0.00900901 0.         0.85185185]]
