matrix:[[0.20477454 0.         0.         0.         0.        ]
 [0.14376658 0.         0.         0.         0.        ]
 [0.2535809  0.         0.         0.         0.        ]
 [0.19098143 0.         0.         0.         0.        ]
 [0.20689655 0.         0.         0.         0.        ]]
matrix:[[0.         1.         0.33333333 0.         0.22346667]
 [0.         0.         0.22222222 0.         0.14026667]
 [0.         0.         0.33333333 0.         0.22133333]
 [0.         0.         0.11111111 0.         0.1872    ]
 [0.         0.         0.         0.         0.22773333]]
matrix:[[0.         0.         0.         0.20585106 0.        ]
 [0.4        0.         0.         0.15638298 0.        ]
 [0.2        0.         0.         0.24734043 0.        ]
 [0.         0.         0.         0.19574468 0.        ]
 [0.4        0.         0.         0.19468085 0.        ]]
matrix:[[0.         0.         0.         0.20977164 0.        ]
 [0.         0.         0.5        0.13754647 0.        ]
 [0.         0.         0.         0.2496017  0.        ]
 [0.         0.         0.5        0.18693574 0.        ]
 [0.         0.         0.         0.21614445 0.        ]]
matrix:[[0.         0.         0.21125265 0.         0.        ]
 [0.         0.         0.14384289 1.         0.        ]
 [0.         0.         0.242569   0.         0.        ]
 [0.         0.         0.19214437 0.         0.        ]
 [0.         0.         0.21019108 0.         0.        ]]
matrix:[[0.         0.         0.28637627 0.         0.09305211]
 [0.         0.         0.05282669 0.         0.30148883]
 [0.         0.         0.41056534 0.         0.01736973]
 [0.         0.         0.14272475 0.         0.25682382]
 [0.         0.         0.10750695 0.         0.33126551]]
matrix:[[0.         0.         0.22864721 0.         0.        ]
 [0.         0.         0.13633952 0.         0.        ]
 [0.         0.         0.23607427 0.         0.        ]
 [0.         0.         0.18408488 0.         0.        ]
 [0.         0.         0.21485411 0.         0.        ]]
matrix:[[0.         0.         0.21424774 0.         0.        ]
 [0.33333333 0.         0.15417331 0.         0.        ]
 [0.         0.         0.24401914 0.         0.        ]
 [0.33333333 1.         0.18075492 0.         0.        ]
 [0.33333333 0.         0.20680489 0.         0.        ]]
matrix:[[0.         0.         0.         0.         0.21697613]
 [0.         0.         0.         0.         0.14854111]
 [0.         0.         0.         0.         0.25039788]
 [0.         0.         0.         0.         0.1867374 ]
 [0.         0.         0.         0.         0.19734748]]
matrix:[[0.         0.         0.         0.         0.2194474 ]
 [0.         0.         0.         0.         0.1498406 ]
 [0.         0.         1.         0.         0.23113709]
 [0.         0.         0.         0.         0.19872476]
 [0.         0.         0.         0.         0.20085016]]
