matrix:[[1.         0.00512821 0.         0.         0.        ]
 [0.         0.87179487 0.20466321 0.         0.        ]
 [0.         0.12307692 0.79533679 0.         0.        ]
 [0.         0.         0.         1.         0.33333333]
 [0.         0.         0.         0.         0.66666667]]
matrix:[[0.97435897 0.         0.         0.         0.        ]
 [0.02564103 0.944      0.29147982 0.         0.        ]
 [0.         0.056      0.70852018 0.         0.        ]
 [0.         0.         0.         1.         0.16129032]
 [0.         0.         0.         0.         0.83870968]]
matrix:[[0.8372093  0.         0.         0.         0.        ]
 [0.1627907  0.86486486 0.32543103 0.         0.        ]
 [0.         0.13513514 0.67456897 0.         0.        ]
 [0.         0.         0.         1.         0.3       ]
 [0.         0.         0.         0.         0.7       ]]
matrix:[[0.97368421 0.00704225 0.         0.         0.        ]
 [0.02631579 0.92957746 0.34490741 0.         0.        ]
 [0.         0.06338028 0.65509259 0.         0.        ]
 [0.         0.         0.         0.94029851 0.25925926]
 [0.         0.         0.         0.05970149 0.74074074]]
matrix:[[1.         0.         0.         0.         0.        ]
 [0.         0.82296651 0.21978022 0.         0.        ]
 [0.         0.17703349 0.78021978 0.         0.        ]
 [0.         0.         0.         0.78888889 0.3       ]
 [0.         0.         0.         0.21111111 0.7       ]]
matrix:[[0.95652174 0.         0.         0.         0.        ]
 [0.04347826 0.85046729 0.36034115 0.         0.        ]
 [0.         0.14953271 0.63965885 0.01219512 0.        ]
 [0.         0.         0.         0.73170732 0.5       ]
 [0.         0.         0.         0.25609756 0.5       ]]
matrix:[[0.97368421 0.00609756 0.00234742 0.         0.        ]
 [0.02631579 0.87195122 0.27464789 0.         0.        ]
 [0.         0.12195122 0.72300469 0.         0.        ]
 [0.         0.         0.         1.         0.38461538]
 [0.         0.         0.         0.         0.61538462]]
matrix:[[0.73684211 0.00892857 0.         0.         0.        ]
 [0.26315789 0.89285714 0.35744681 0.         0.        ]
 [0.         0.09821429 0.64255319 0.01754386 0.        ]
 [0.         0.         0.         0.98245614 0.13793103]
 [0.         0.         0.         0.         0.86206897]]
matrix:[[1.         0.01754386 0.         0.         0.        ]
 [0.         0.93859649 0.29111111 0.         0.        ]
 [0.         0.04385965 0.70888889 0.         0.        ]
 [0.         0.         0.         1.         0.1875    ]
 [0.         0.         0.         0.         0.8125    ]]
matrix:[[0.97297297 0.         0.         0.         0.        ]
 [0.02702703 0.90967742 0.26096998 0.         0.        ]
 [0.         0.09032258 0.73903002 0.         0.        ]
 [0.         0.         0.         1.         0.31034483]
 [0.         0.         0.         0.         0.68965517]]
