matrix:[[0.         0.         0.0509915  0.         0.        ]
 [0.         0.         0.37393768 0.         0.        ]
 [0.         0.         0.4490085  0.         0.        ]
 [0.         0.         0.08923513 0.         0.        ]
 [0.         0.         0.0368272  0.         0.        ]]
matrix:[[0.         0.94117647 0.02322206 0.         0.        ]
 [0.         0.05882353 0.35994194 0.         0.        ]
 [0.         0.         0.4658926  0.         0.        ]
 [0.         0.         0.11030479 0.         0.        ]
 [0.         0.         0.04063861 0.         0.        ]]
matrix:[[0.         0.         0.05192878 0.         0.        ]
 [0.         0.         0.38724036 0.         0.        ]
 [0.         0.         0.44807122 0.         0.        ]
 [0.         0.         0.11127596 0.         0.25      ]
 [0.         0.         0.00148368 0.         0.75      ]]
matrix:[[0.         1.         0.03703704 0.         0.        ]
 [0.         0.         0.36182336 0.         0.        ]
 [0.         0.         0.47720798 0.         0.        ]
 [0.         0.         0.08404558 0.         0.        ]
 [0.         0.         0.03988604 0.         0.        ]]
matrix:[[0.         0.         0.05037037 0.         0.        ]
 [0.         0.         0.35555556 0.         0.        ]
 [0.         0.         0.4962963  0.         0.        ]
 [0.         0.         0.09777778 0.25       0.18518519]
 [0.         0.         0.         0.75       0.81481481]]
matrix:[[0.         0.         0.04310345 0.         0.        ]
 [0.         0.         0.34051724 0.         0.        ]
 [0.         0.         0.49425287 0.         0.        ]
 [0.         0.         0.09626437 0.5        0.        ]
 [0.         0.         0.02586207 0.5        1.        ]]
matrix:[[0.         0.         0.05524079 0.         0.        ]
 [0.         0.         0.35127479 0.         0.        ]
 [0.         0.         0.47308782 0.         0.        ]
 [0.         0.         0.08215297 0.         0.        ]
 [0.         0.         0.03824363 0.         0.        ]]
matrix:[[0.         1.         0.04591105 0.         0.        ]
 [0.         0.         0.37302726 0.         0.        ]
 [0.         0.         0.46341463 0.         0.        ]
 [0.         0.         0.08321377 0.         0.        ]
 [0.         0.         0.03443329 0.         0.        ]]
matrix:[[0.         0.         0.05382436 0.         0.        ]
 [0.         0.         0.33002833 0.         0.        ]
 [0.         0.         0.45467422 0.         0.        ]
 [0.         0.         0.11614731 0.         0.        ]
 [0.         0.         0.04532578 0.         0.        ]]
matrix:[[0.         0.         0.05382436 0.         0.        ]
 [0.         0.         0.38526912 0.         0.        ]
 [0.         0.         0.42776204 0.         0.        ]
 [0.         0.         0.09915014 0.         0.        ]
 [0.         0.         0.03399433 0.         0.        ]]
