matrix:[[0.         0.         0.         0.         0.         0.
  0.         0.09923529 0.         0.        ]
 [0.         0.         0.         0.         0.         0.
  0.         0.09905882 0.         0.        ]
 [0.         0.         0.         0.         0.         0.
  0.         0.10205882 0.         0.        ]
 [0.         0.         0.         0.         0.         0.
  0.         0.09823529 0.         0.        ]
 [0.         0.         0.         0.         0.         0.
  0.         0.10205882 0.         0.        ]
 [0.         0.         0.         0.         0.         0.
  0.         0.102      0.         0.        ]
 [0.         0.         0.         0.         0.         0.
  0.         0.09894118 0.         0.        ]
 [0.         0.         0.         0.         0.         0.
  0.         0.09794118 0.         0.        ]
 [0.         0.         0.         0.         0.         0.
  0.         0.10252941 0.         0.        ]
 [0.         0.         0.         0.         0.         0.
  0.         0.09794118 0.         0.        ]]
matrix:[[0.         0.         0.         0.         0.         0.
  0.09941176 0.         0.         0.        ]
 [0.         0.         0.         0.         0.         0.
  0.09941176 0.         0.         0.        ]
 [0.         0.         0.         0.         0.         0.
  0.09970588 0.         0.         0.        ]
 [0.         0.         0.         0.         0.         0.
  0.09911765 0.         0.         0.        ]
 [0.         0.         0.         0.         0.         0.
  0.09694118 0.         0.         0.        ]
 [0.         0.         0.         0.         0.         0.
  0.10364706 0.         0.         0.        ]
 [0.         0.         0.         0.         0.         0.
  0.09864706 0.         0.         0.        ]
 [0.         0.         0.         0.         0.         0.
  0.103      0.         0.         0.        ]
 [0.         0.         0.         0.         0.         0.
  0.09958824 0.         0.         0.        ]
 [0.         0.         0.         0.         0.         0.
  0.10052941 0.         0.         0.        ]]
matrix:[[0.         0.         0.         0.         0.         0.
  0.         0.10076471 0.         0.        ]
 [0.         0.         0.         0.         0.         0.
  0.         0.09788235 0.         0.        ]
 [0.         0.         0.         0.         0.         0.
  0.         0.09929412 0.         0.        ]
 [0.         0.         0.         0.         0.         0.
  0.         0.10258824 0.         0.        ]
 [0.         0.         0.         0.         0.         0.
  0.         0.10105882 0.         0.        ]
 [0.         0.         0.         0.         0.         0.
  0.         0.10088235 0.         0.        ]
 [0.         0.         0.         0.         0.         0.
  0.         0.09758824 0.         0.        ]
 [0.         0.         0.         0.         0.         0.
  0.         0.10088235 0.         0.        ]
 [0.         0.         0.         0.         0.         0.
  0.         0.1        0.         0.        ]
 [0.         0.         0.         0.         0.         0.
  0.         0.09905882 0.         0.        ]]
matrix:[[0.         0.         0.10082353 0.         0.         0.
  0.         0.         0.         0.        ]
 [0.         0.         0.10094118 0.         0.         0.
  0.         0.         0.         0.        ]
 [0.         0.         0.09829412 0.         0.         0.
  0.         0.         0.         0.        ]
 [0.         0.         0.10176471 0.         0.         0.
  0.         0.         0.         0.        ]
 [0.         0.         0.10152941 0.         0.         0.
  0.         0.         0.         0.        ]
 [0.         0.         0.09870588 0.         0.         0.
  0.         0.         0.         0.        ]
 [0.         0.         0.09952941 0.         0.         0.
  0.         0.         0.         0.        ]
 [0.         0.         0.10111765 0.         0.         0.
  0.         0.         0.         0.        ]
 [0.         0.         0.10035294 0.         0.         0.
  0.         0.         0.         0.        ]
 [0.         0.         0.09694118 0.         0.         0.
  0.         0.         0.         0.        ]]
matrix:[[0.         0.         0.         0.         0.         0.
  0.         0.         0.         0.10335294]
 [0.         0.         0.         0.         0.         0.
  0.         0.         0.         0.09764706]
 [0.         0.         0.         0.         0.         0.
  0.         0.         0.         0.09811765]
 [0.         0.         0.         0.         0.         0.
  0.         0.         0.         0.10229412]
 [0.         0.         0.         0.         0.         0.
  0.         0.         0.         0.10094118]
 [0.         0.         0.         0.         0.         0.
  0.         0.         0.         0.10047059]
 [0.         0.         0.         0.         0.         0.
  0.         0.         0.         0.10094118]
 [0.         0.         0.         0.         0.         0.
  0.         0.         0.         0.10052941]
 [0.         0.         0.         0.         0.         0.
  0.         0.         0.         0.09905882]
 [0.         0.         0.         0.         0.         0.
  0.         0.         0.         0.09664706]]
matrix:[[0.         0.         0.         0.         0.         0.099
  0.         0.         0.         0.        ]
 [0.         0.         0.         0.         0.         0.10347059
  0.         0.         0.         0.        ]
 [0.         0.         0.         0.         0.         0.10123529
  0.         0.         0.         0.        ]
 [0.         0.         0.         0.         0.         0.10164706
  0.         0.         0.         0.        ]
 [0.         0.         0.         0.         0.         0.09788235
  0.         0.         0.         0.        ]
 [0.         0.         0.         0.         0.         0.09994118
  0.         0.         0.         0.        ]
 [0.         0.         0.         0.         0.         0.09882353
  0.         0.         0.         0.        ]
 [0.         0.         0.         0.         0.         0.10070588
  0.         0.         0.         0.        ]
 [0.         0.         0.         0.         0.         0.09911765
  0.         0.         0.         0.        ]
 [0.         0.         0.         0.         0.         0.09817647
  0.         0.         0.         0.        ]]
matrix:[[0.         0.         0.09694118 0.         0.         0.
  0.         0.         0.         0.        ]
 [0.         0.         0.09852941 0.         0.         0.
  0.         0.         0.         0.        ]
 [0.         0.         0.10135294 0.         0.         0.
  0.         0.         0.         0.        ]
 [0.         0.         0.10094118 0.         0.         0.
  0.         0.         0.         0.        ]
 [0.         0.         0.10023529 0.         0.         0.
  0.         0.         0.         0.        ]
 [0.         0.         0.10305882 0.         0.         0.
  0.         0.         0.         0.        ]
 [0.         0.         0.1        0.         0.         0.
  0.         0.         0.         0.        ]
 [0.         0.         0.10141176 0.         0.         0.
  0.         0.         0.         0.        ]
 [0.         0.         0.09758824 0.         0.         0.
  0.         0.         0.         0.        ]
 [0.         0.         0.09994118 0.         0.         0.
  0.         0.         0.         0.        ]]
matrix:[[0.         0.         0.         0.         0.         0.
  0.         0.09747059 0.         0.        ]
 [0.         0.         0.         0.         0.         0.
  0.         0.10105882 0.         0.        ]
 [0.         0.         0.         0.         0.         0.
  0.         0.09570588 0.         0.        ]
 [0.         0.         0.         0.         0.         0.
  0.         0.09629412 0.         0.        ]
 [0.         0.         0.         0.         0.         0.
  0.         0.10023529 0.         0.        ]
 [0.         0.         0.         0.         0.         0.
  0.         0.10252941 0.         0.        ]
 [0.         0.         0.         0.         0.         0.
  0.         0.10217647 0.         0.        ]
 [0.         0.         0.         0.         0.         0.
  0.         0.10141176 0.         0.        ]
 [0.         0.         0.         0.         0.         0.
  0.         0.10182353 0.         0.        ]
 [0.         0.         0.         0.         0.         0.
  0.         0.10129412 0.         0.        ]]
matrix:[[0.         0.         0.         0.         0.         0.
  0.         0.         0.10088235 0.        ]
 [0.         0.         0.         0.         0.         0.
  0.         0.         0.10382353 0.        ]
 [0.         0.         0.         0.         0.         0.
  0.         0.         0.09852941 0.        ]
 [0.         0.         0.         0.         0.         0.
  0.         0.         0.099      0.        ]
 [0.         0.         0.         0.         0.         0.
  0.         0.         0.09841176 0.        ]
 [0.         0.         0.         0.         0.         0.
  0.         0.         0.10117647 0.        ]
 [0.         0.         0.         0.         0.         0.
  0.         0.         0.10129412 0.        ]
 [0.         0.         0.         0.         0.         0.
  0.         0.         0.09776471 0.        ]
 [0.         0.         0.         0.         0.         0.
  0.         0.         0.10076471 0.        ]
 [0.         0.         0.         0.         0.         0.
  0.         0.         0.09835294 0.        ]]
matrix:[[0.         0.         0.         0.         0.         0.
  0.10117647 0.         0.         0.        ]
 [0.         0.         0.         0.         0.         0.
  0.09841176 0.         0.         0.        ]
 [0.         0.         0.         0.         0.         0.
  0.09994118 0.         0.         0.        ]
 [0.         0.         0.         0.         0.         0.
  0.10035294 0.         0.         0.        ]
 [0.         0.         0.         0.         0.         0.
  0.09923529 0.         0.         0.        ]
 [0.         0.         0.         0.         0.         0.
  0.1        0.         0.         0.        ]
 [0.         0.         0.         0.         0.         0.
  0.09911765 0.         0.         0.        ]
 [0.         0.         0.         0.         0.         0.
  0.09917647 0.         0.         0.        ]
 [0.         0.         0.         0.         0.         0.
  0.103      0.         0.         0.        ]
 [0.         0.         0.         0.         0.         0.
  0.09958824 0.         0.         0.        ]]
