matrix:[[1.         0.         0.         ... 0.         0.00148515 0.        ]
 [0.         1.         0.         ... 0.         0.00247525 0.        ]
 [0.         0.         1.         ... 0.         0.00247525 0.        ]
 ...
 [0.         0.         0.         ... 1.         0.00247525 0.        ]
 [0.         0.         0.         ... 0.         0.84554455 0.        ]
 [0.         0.         0.         ... 0.         0.00346535 0.99883178]]
matrix:[[1.00000000e+00 0.00000000e+00 0.00000000e+00 ... 0.00000000e+00
  0.00000000e+00 0.00000000e+00]
 [0.00000000e+00 9.88505747e-01 0.00000000e+00 ... 0.00000000e+00
  0.00000000e+00 0.00000000e+00]
 [0.00000000e+00 6.04960678e-04 1.00000000e+00 ... 0.00000000e+00
  0.00000000e+00 0.00000000e+00]
 ...
 [0.00000000e+00 6.04960678e-04 0.00000000e+00 ... 1.00000000e+00
  0.00000000e+00 0.00000000e+00]
 [0.00000000e+00 6.04960678e-04 0.00000000e+00 ... 0.00000000e+00
  1.00000000e+00 0.00000000e+00]
 [0.00000000e+00 6.04960678e-04 0.00000000e+00 ... 0.00000000e+00
  0.00000000e+00 9.99407934e-01]]
matrix:[[1.         0.         0.         ... 0.         0.         0.        ]
 [0.         1.         0.         ... 0.         0.         0.        ]
 [0.         0.         1.         ... 0.         0.         0.        ]
 ...
 [0.         0.         0.         ... 0.99603175 0.         0.        ]
 [0.         0.         0.         ... 0.         1.         0.        ]
 [0.         0.         0.         ... 0.         0.         1.        ]]
matrix:[[1.00000000e+00 0.00000000e+00 0.00000000e+00 ... 0.00000000e+00
  0.00000000e+00 0.00000000e+00]
 [0.00000000e+00 1.00000000e+00 0.00000000e+00 ... 0.00000000e+00
  5.86854460e-04 0.00000000e+00]
 [0.00000000e+00 0.00000000e+00 0.00000000e+00 ... 0.00000000e+00
  0.00000000e+00 0.00000000e+00]
 ...
 [0.00000000e+00 0.00000000e+00 0.00000000e+00 ... 0.00000000e+00
  0.00000000e+00 0.00000000e+00]
 [0.00000000e+00 0.00000000e+00 0.00000000e+00 ... 0.00000000e+00
  9.94718310e-01 0.00000000e+00]
 [0.00000000e+00 0.00000000e+00 0.00000000e+00 ... 0.00000000e+00
  5.86854460e-04 5.02243494e-01]]
matrix:[[1. 0. 0. ... 0. 0. 0.]
 [0. 1. 0. ... 0. 0. 0.]
 [0. 0. 1. ... 0. 0. 0.]
 ...
 [0. 0. 0. ... 1. 0. 0.]
 [0. 0. 0. ... 0. 1. 0.]
 [0. 0. 0. ... 0. 0. 1.]]
matrix:[[1. 0. 0. ... 0. 0. 0.]
 [0. 1. 0. ... 0. 0. 0.]
 [0. 0. 1. ... 0. 0. 0.]
 ...
 [0. 0. 0. ... 1. 0. 0.]
 [0. 0. 0. ... 0. 1. 0.]
 [0. 0. 0. ... 0. 0. 1.]]
matrix:[[0.99590164 0.         0.         ... 0.         0.         0.        ]
 [0.         1.         0.         ... 0.         0.         0.        ]
 [0.         0.         1.         ... 0.         0.         0.        ]
 ...
 [0.         0.         0.         ... 1.         0.         0.        ]
 [0.         0.         0.         ... 0.         0.99706745 0.        ]
 [0.         0.         0.         ... 0.         0.         1.        ]]
matrix:[[1.         0.         0.00375536 ... 0.         0.         0.        ]
 [0.         1.         0.00160944 ... 0.         0.         0.        ]
 [0.         0.         0.9055794  ... 0.         0.         0.        ]
 ...
 [0.         0.         0.00160944 ... 1.         0.         0.        ]
 [0.         0.         0.00321888 ... 0.         1.         0.        ]
 [0.         0.         0.00375536 ... 0.         0.         1.        ]]
matrix:[[1.00000000e+00 0.00000000e+00 0.00000000e+00 ... 0.00000000e+00
  0.00000000e+00 1.73510700e-03]
 [0.00000000e+00 9.99389499e-01 0.00000000e+00 ... 0.00000000e+00
  0.00000000e+00 5.78368999e-04]
 [0.00000000e+00 0.00000000e+00 1.00000000e+00 ... 0.00000000e+00
  0.00000000e+00 0.00000000e+00]
 ...
 [0.00000000e+00 0.00000000e+00 0.00000000e+00 ... 2.42905958e-01
  0.00000000e+00 0.00000000e+00]
 [0.00000000e+00 0.00000000e+00 0.00000000e+00 ... 0.00000000e+00
  9.99406880e-01 1.15673800e-03]
 [0.00000000e+00 0.00000000e+00 0.00000000e+00 ... 0.00000000e+00
  0.00000000e+00 9.52573742e-01]]
matrix:[[1.         0.00223464 0.         ... 0.         0.         0.        ]
 [0.         0.95810056 0.         ... 0.         0.         0.        ]
 [0.         0.00223464 1.         ... 0.         0.         0.        ]
 ...
 [0.         0.         0.         ... 0.99938613 0.         0.        ]
 [0.         0.00223464 0.         ... 0.         0.99647059 0.        ]
 [0.         0.00167598 0.         ... 0.         0.         1.        ]]
