matrix:[[1.00000000e+00 0.00000000e+00 2.31213873e-03 0.00000000e+00
  0.00000000e+00 0.00000000e+00 2.95333727e-03 0.00000000e+00
  0.00000000e+00 0.00000000e+00]
 [0.00000000e+00 1.00000000e+00 1.73410405e-03 0.00000000e+00
  0.00000000e+00 0.00000000e+00 0.00000000e+00 0.00000000e+00
  0.00000000e+00 0.00000000e+00]
 [0.00000000e+00 0.00000000e+00 9.79190751e-01 0.00000000e+00
  0.00000000e+00 0.00000000e+00 0.00000000e+00 0.00000000e+00
  0.00000000e+00 0.00000000e+00]
 [0.00000000e+00 0.00000000e+00 1.15606936e-03 9.98820755e-01
  0.00000000e+00 0.00000000e+00 1.77200236e-03 0.00000000e+00
  0.00000000e+00 0.00000000e+00]
 [0.00000000e+00 0.00000000e+00 2.89017341e-03 0.00000000e+00
  1.00000000e+00 1.72018349e-03 0.00000000e+00 0.00000000e+00
  2.32153221e-03 0.00000000e+00]
 [0.00000000e+00 0.00000000e+00 5.78034682e-04 0.00000000e+00
  0.00000000e+00 9.97706422e-01 0.00000000e+00 0.00000000e+00
  0.00000000e+00 5.90667454e-04]
 [0.00000000e+00 0.00000000e+00 2.89017341e-03 0.00000000e+00
  0.00000000e+00 0.00000000e+00 9.89958653e-01 0.00000000e+00
  0.00000000e+00 0.00000000e+00]
 [0.00000000e+00 0.00000000e+00 2.89017341e-03 0.00000000e+00
  0.00000000e+00 5.73394495e-04 0.00000000e+00 1.00000000e+00
  0.00000000e+00 0.00000000e+00]
 [0.00000000e+00 0.00000000e+00 3.46820809e-03 0.00000000e+00
  0.00000000e+00 0.00000000e+00 1.77200236e-03 0.00000000e+00
  9.97678468e-01 5.90667454e-04]
 [0.00000000e+00 0.00000000e+00 2.89017341e-03 1.17924528e-03
  0.00000000e+00 0.00000000e+00 3.54400473e-03 0.00000000e+00
  0.00000000e+00 9.98818665e-01]]
matrix:[[9.92779783e-01 0.00000000e+00 0.00000000e+00 1.69587337e-03
  0.00000000e+00 0.00000000e+00 0.00000000e+00 0.00000000e+00
  0.00000000e+00 0.00000000e+00]
 [0.00000000e+00 1.00000000e+00 0.00000000e+00 1.13058225e-03
  0.00000000e+00 0.00000000e+00 0.00000000e+00 0.00000000e+00
  0.00000000e+00 0.00000000e+00]
 [0.00000000e+00 0.00000000e+00 1.00000000e+00 1.69587337e-03
  0.00000000e+00 5.74382539e-04 0.00000000e+00 0.00000000e+00
  0.00000000e+00 0.00000000e+00]
 [1.80505415e-03 0.00000000e+00 0.00000000e+00 9.83041266e-01
  0.00000000e+00 0.00000000e+00 0.00000000e+00 0.00000000e+00
  0.00000000e+00 0.00000000e+00]
 [0.00000000e+00 0.00000000e+00 0.00000000e+00 5.65291125e-04
  9.99420290e-01 0.00000000e+00 0.00000000e+00 2.92226768e-03
  0.00000000e+00 0.00000000e+00]
 [0.00000000e+00 0.00000000e+00 0.00000000e+00 5.65291125e-04
  0.00000000e+00 9.98851235e-01 0.00000000e+00 0.00000000e+00
  0.00000000e+00 0.00000000e+00]
 [0.00000000e+00 0.00000000e+00 0.00000000e+00 3.39174675e-03
  0.00000000e+00 5.74382539e-04 1.00000000e+00 0.00000000e+00
  0.00000000e+00 0.00000000e+00]
 [0.00000000e+00 0.00000000e+00 0.00000000e+00 2.26116450e-03
  5.79710145e-04 0.00000000e+00 0.00000000e+00 9.97077732e-01
  0.00000000e+00 0.00000000e+00]
 [3.00842359e-03 0.00000000e+00 0.00000000e+00 2.26116450e-03
  0.00000000e+00 0.00000000e+00 0.00000000e+00 0.00000000e+00
  1.00000000e+00 0.00000000e+00]
 [2.40673887e-03 0.00000000e+00 0.00000000e+00 3.39174675e-03
  0.00000000e+00 0.00000000e+00 0.00000000e+00 0.00000000e+00
  0.00000000e+00 1.00000000e+00]]
matrix:[[9.98179612e-01 0.00000000e+00 0.00000000e+00 3.90189521e-03
  0.00000000e+00 0.00000000e+00 0.00000000e+00 0.00000000e+00
  0.00000000e+00 0.00000000e+00]
 [0.00000000e+00 1.00000000e+00 0.00000000e+00 2.78706800e-03
  0.00000000e+00 0.00000000e+00 0.00000000e+00 0.00000000e+00
  0.00000000e+00 0.00000000e+00]
 [0.00000000e+00 0.00000000e+00 1.00000000e+00 1.67224080e-03
  0.00000000e+00 0.00000000e+00 0.00000000e+00 0.00000000e+00
  0.00000000e+00 0.00000000e+00]
 [6.06796117e-04 0.00000000e+00 0.00000000e+00 9.68784838e-01
  0.00000000e+00 0.00000000e+00 0.00000000e+00 0.00000000e+00
  0.00000000e+00 0.00000000e+00]
 [0.00000000e+00 0.00000000e+00 0.00000000e+00 6.13154961e-03
  9.97686524e-01 0.00000000e+00 0.00000000e+00 0.00000000e+00
  0.00000000e+00 5.91366056e-04]
 [0.00000000e+00 0.00000000e+00 0.00000000e+00 3.34448161e-03
  0.00000000e+00 1.00000000e+00 0.00000000e+00 0.00000000e+00
  0.00000000e+00 0.00000000e+00]
 [0.00000000e+00 0.00000000e+00 0.00000000e+00 2.22965440e-03
  0.00000000e+00 0.00000000e+00 1.00000000e+00 0.00000000e+00
  0.00000000e+00 0.00000000e+00]
 [0.00000000e+00 0.00000000e+00 0.00000000e+00 2.78706800e-03
  2.31347600e-03 0.00000000e+00 0.00000000e+00 1.00000000e+00
  0.00000000e+00 5.91366056e-04]
 [0.00000000e+00 0.00000000e+00 0.00000000e+00 3.90189521e-03
  0.00000000e+00 0.00000000e+00 0.00000000e+00 0.00000000e+00
  1.00000000e+00 0.00000000e+00]
 [1.21359223e-03 0.00000000e+00 0.00000000e+00 4.45930881e-03
  0.00000000e+00 0.00000000e+00 0.00000000e+00 0.00000000e+00
  0.00000000e+00 9.98817268e-01]]
matrix:[[9.98222749e-01 0.00000000e+00 0.00000000e+00 0.00000000e+00
  1.15340254e-03 0.00000000e+00 0.00000000e+00 0.00000000e+00
  1.70842825e-03 0.00000000e+00]
 [0.00000000e+00 9.99404407e-01 0.00000000e+00 0.00000000e+00
  2.30680507e-03 0.00000000e+00 0.00000000e+00 0.00000000e+00
  0.00000000e+00 0.00000000e+00]
 [0.00000000e+00 5.95592615e-04 1.00000000e+00 0.00000000e+00
  2.30680507e-03 0.00000000e+00 0.00000000e+00 0.00000000e+00
  0.00000000e+00 0.00000000e+00]
 [0.00000000e+00 0.00000000e+00 0.00000000e+00 9.98807394e-01
  2.88350634e-03 0.00000000e+00 0.00000000e+00 5.94883998e-04
  2.84738041e-03 0.00000000e+00]
 [1.77725118e-03 0.00000000e+00 0.00000000e+00 0.00000000e+00
  9.80392157e-01 0.00000000e+00 0.00000000e+00 0.00000000e+00
  0.00000000e+00 0.00000000e+00]
 [0.00000000e+00 0.00000000e+00 0.00000000e+00 0.00000000e+00
  3.46020761e-03 1.00000000e+00 0.00000000e+00 0.00000000e+00
  0.00000000e+00 0.00000000e+00]
 [0.00000000e+00 0.00000000e+00 0.00000000e+00 0.00000000e+00
  1.15340254e-03 0.00000000e+00 9.97556506e-01 0.00000000e+00
  0.00000000e+00 0.00000000e+00]
 [0.00000000e+00 0.00000000e+00 0.00000000e+00 0.00000000e+00
  3.46020761e-03 0.00000000e+00 0.00000000e+00 9.98215348e-01
  0.00000000e+00 0.00000000e+00]
 [0.00000000e+00 0.00000000e+00 0.00000000e+00 0.00000000e+00
  5.76701269e-04 0.00000000e+00 0.00000000e+00 5.94883998e-04
  9.92596811e-01 0.00000000e+00]
 [0.00000000e+00 0.00000000e+00 0.00000000e+00 1.19260584e-03
  2.30680507e-03 0.00000000e+00 2.44349420e-03 5.94883998e-04
  2.84738041e-03 1.00000000e+00]]
matrix:[[9.77699531e-01 0.00000000e+00 0.00000000e+00 1.75029172e-03
  0.00000000e+00 0.00000000e+00 0.00000000e+00 0.00000000e+00
  0.00000000e+00 0.00000000e+00]
 [2.93427230e-03 1.00000000e+00 0.00000000e+00 0.00000000e+00
  0.00000000e+00 0.00000000e+00 5.86510264e-04 0.00000000e+00
  0.00000000e+00 0.00000000e+00]
 [5.86854460e-04 0.00000000e+00 1.00000000e+00 0.00000000e+00
  0.00000000e+00 0.00000000e+00 5.86510264e-04 0.00000000e+00
  0.00000000e+00 0.00000000e+00]
 [1.76056338e-03 0.00000000e+00 0.00000000e+00 9.92998833e-01
  0.00000000e+00 0.00000000e+00 0.00000000e+00 0.00000000e+00
  0.00000000e+00 0.00000000e+00]
 [2.93427230e-03 0.00000000e+00 0.00000000e+00 0.00000000e+00
  1.00000000e+00 0.00000000e+00 5.86510264e-04 2.97265161e-03
  0.00000000e+00 0.00000000e+00]
 [4.69483568e-03 0.00000000e+00 0.00000000e+00 0.00000000e+00
  0.00000000e+00 1.00000000e+00 0.00000000e+00 0.00000000e+00
  0.00000000e+00 0.00000000e+00]
 [1.76056338e-03 0.00000000e+00 0.00000000e+00 0.00000000e+00
  0.00000000e+00 0.00000000e+00 9.97653959e-01 0.00000000e+00
  0.00000000e+00 0.00000000e+00]
 [2.93427230e-03 0.00000000e+00 0.00000000e+00 0.00000000e+00
  0.00000000e+00 0.00000000e+00 0.00000000e+00 9.97027348e-01
  0.00000000e+00 0.00000000e+00]
 [1.17370892e-03 0.00000000e+00 0.00000000e+00 2.91715286e-03
  0.00000000e+00 0.00000000e+00 5.86510264e-04 0.00000000e+00
  1.00000000e+00 0.00000000e+00]
 [3.52112676e-03 0.00000000e+00 0.00000000e+00 2.33372229e-03
  0.00000000e+00 0.00000000e+00 0.00000000e+00 0.00000000e+00
  0.00000000e+00 1.00000000e+00]]
matrix:[[1.00000000e+00 5.92417062e-04 0.00000000e+00 0.00000000e+00
  0.00000000e+00 0.00000000e+00 0.00000000e+00 0.00000000e+00
  0.00000000e+00 3.41880342e-03]
 [0.00000000e+00 9.95853081e-01 0.00000000e+00 0.00000000e+00
  0.00000000e+00 0.00000000e+00 0.00000000e+00 0.00000000e+00
  0.00000000e+00 4.55840456e-03]
 [0.00000000e+00 0.00000000e+00 1.00000000e+00 0.00000000e+00
  0.00000000e+00 0.00000000e+00 0.00000000e+00 0.00000000e+00
  0.00000000e+00 1.70940171e-03]
 [0.00000000e+00 5.92417062e-04 0.00000000e+00 1.00000000e+00
  0.00000000e+00 0.00000000e+00 0.00000000e+00 0.00000000e+00
  0.00000000e+00 3.41880342e-03]
 [0.00000000e+00 5.92417062e-04 0.00000000e+00 0.00000000e+00
  1.00000000e+00 0.00000000e+00 0.00000000e+00 0.00000000e+00
  0.00000000e+00 4.55840456e-03]
 [0.00000000e+00 0.00000000e+00 0.00000000e+00 0.00000000e+00
  0.00000000e+00 1.00000000e+00 0.00000000e+00 0.00000000e+00
  0.00000000e+00 3.41880342e-03]
 [0.00000000e+00 5.92417062e-04 0.00000000e+00 0.00000000e+00
  0.00000000e+00 0.00000000e+00 1.00000000e+00 0.00000000e+00
  0.00000000e+00 0.00000000e+00]
 [0.00000000e+00 5.92417062e-04 0.00000000e+00 0.00000000e+00
  0.00000000e+00 0.00000000e+00 0.00000000e+00 1.00000000e+00
  0.00000000e+00 2.84900285e-03]
 [0.00000000e+00 5.92417062e-04 0.00000000e+00 0.00000000e+00
  0.00000000e+00 0.00000000e+00 0.00000000e+00 0.00000000e+00
  1.00000000e+00 4.55840456e-03]
 [0.00000000e+00 5.92417062e-04 0.00000000e+00 0.00000000e+00
  0.00000000e+00 0.00000000e+00 0.00000000e+00 0.00000000e+00
  0.00000000e+00 9.71509972e-01]]
matrix:[[9.78924016e-01 0.00000000e+00 0.00000000e+00 5.99880024e-04
  0.00000000e+00 0.00000000e+00 0.00000000e+00 0.00000000e+00
  0.00000000e+00 2.36406619e-03]
 [3.32778702e-03 1.00000000e+00 5.94530321e-04 0.00000000e+00
  0.00000000e+00 0.00000000e+00 0.00000000e+00 0.00000000e+00
  0.00000000e+00 0.00000000e+00]
 [2.21852468e-03 0.00000000e+00 9.99405470e-01 0.00000000e+00
  0.00000000e+00 0.00000000e+00 0.00000000e+00 0.00000000e+00
  0.00000000e+00 0.00000000e+00]
 [2.77315585e-03 0.00000000e+00 0.00000000e+00 9.97600480e-01
  0.00000000e+00 0.00000000e+00 0.00000000e+00 0.00000000e+00
  0.00000000e+00 4.13711584e-03]
 [1.66389351e-03 0.00000000e+00 0.00000000e+00 0.00000000e+00
  1.00000000e+00 0.00000000e+00 0.00000000e+00 1.17924528e-03
  0.00000000e+00 5.91016548e-04]
 [2.77315585e-03 0.00000000e+00 0.00000000e+00 0.00000000e+00
  0.00000000e+00 1.00000000e+00 0.00000000e+00 0.00000000e+00
  0.00000000e+00 0.00000000e+00]
 [1.10926234e-03 0.00000000e+00 0.00000000e+00 0.00000000e+00
  0.00000000e+00 0.00000000e+00 1.00000000e+00 0.00000000e+00
  0.00000000e+00 0.00000000e+00]
 [2.21852468e-03 0.00000000e+00 0.00000000e+00 0.00000000e+00
  0.00000000e+00 0.00000000e+00 0.00000000e+00 9.98820755e-01
  0.00000000e+00 5.91016548e-04]
 [2.77315585e-03 0.00000000e+00 0.00000000e+00 5.99880024e-04
  0.00000000e+00 0.00000000e+00 0.00000000e+00 0.00000000e+00
  1.00000000e+00 3.54609929e-03]
 [2.21852468e-03 0.00000000e+00 0.00000000e+00 1.19976005e-03
  0.00000000e+00 0.00000000e+00 0.00000000e+00 0.00000000e+00
  0.00000000e+00 9.88770686e-01]]
matrix:[[1.00000000e+00 0.00000000e+00 0.00000000e+00 1.74927114e-03
  2.86861733e-03 0.00000000e+00 0.00000000e+00 0.00000000e+00
  0.00000000e+00 0.00000000e+00]
 [0.00000000e+00 1.00000000e+00 0.00000000e+00 0.00000000e+00
  4.01606426e-03 0.00000000e+00 0.00000000e+00 0.00000000e+00
  0.00000000e+00 0.00000000e+00]
 [0.00000000e+00 0.00000000e+00 1.00000000e+00 0.00000000e+00
  1.72117040e-03 0.00000000e+00 5.66572238e-04 0.00000000e+00
  0.00000000e+00 0.00000000e+00]
 [0.00000000e+00 0.00000000e+00 0.00000000e+00 9.91836735e-01
  1.14744693e-03 0.00000000e+00 0.00000000e+00 0.00000000e+00
  0.00000000e+00 0.00000000e+00]
 [0.00000000e+00 0.00000000e+00 0.00000000e+00 0.00000000e+00
  9.81067126e-01 0.00000000e+00 5.66572238e-04 1.21876904e-03
  1.79856115e-03 0.00000000e+00]
 [0.00000000e+00 0.00000000e+00 0.00000000e+00 0.00000000e+00
  2.86861733e-03 1.00000000e+00 0.00000000e+00 0.00000000e+00
  0.00000000e+00 0.00000000e+00]
 [0.00000000e+00 0.00000000e+00 0.00000000e+00 0.00000000e+00
  1.14744693e-03 0.00000000e+00 9.97733711e-01 6.09384522e-04
  0.00000000e+00 0.00000000e+00]
 [0.00000000e+00 0.00000000e+00 0.00000000e+00 0.00000000e+00
  1.72117040e-03 0.00000000e+00 5.66572238e-04 9.98171846e-01
  0.00000000e+00 0.00000000e+00]
 [0.00000000e+00 0.00000000e+00 0.00000000e+00 1.74927114e-03
  1.72117040e-03 0.00000000e+00 5.66572238e-04 0.00000000e+00
  9.98201439e-01 0.00000000e+00]
 [0.00000000e+00 0.00000000e+00 0.00000000e+00 4.66472303e-03
  1.72117040e-03 0.00000000e+00 0.00000000e+00 0.00000000e+00
  0.00000000e+00 1.00000000e+00]]
matrix:[[9.84180791e-01 0.00000000e+00 5.83430572e-04 0.00000000e+00
  1.20992136e-03 0.00000000e+00 0.00000000e+00 0.00000000e+00
  0.00000000e+00 0.00000000e+00]
 [1.69491525e-03 9.98825602e-01 1.16686114e-03 5.96302922e-04
  0.00000000e+00 5.83090379e-04 0.00000000e+00 0.00000000e+00
  0.00000000e+00 0.00000000e+00]
 [2.25988701e-03 0.00000000e+00 9.92998833e-01 0.00000000e+00
  0.00000000e+00 0.00000000e+00 0.00000000e+00 0.00000000e+00
  0.00000000e+00 0.00000000e+00]
 [1.12994350e-03 5.87199060e-04 1.75029172e-03 9.95825880e-01
  1.20992136e-03 0.00000000e+00 0.00000000e+00 0.00000000e+00
  0.00000000e+00 0.00000000e+00]
 [2.25988701e-03 0.00000000e+00 0.00000000e+00 0.00000000e+00
  9.92135511e-01 0.00000000e+00 0.00000000e+00 5.91366056e-04
  0.00000000e+00 0.00000000e+00]
 [1.69491525e-03 0.00000000e+00 0.00000000e+00 5.96302922e-04
  0.00000000e+00 9.99416910e-01 0.00000000e+00 0.00000000e+00
  0.00000000e+00 0.00000000e+00]
 [1.69491525e-03 0.00000000e+00 5.83430572e-04 5.96302922e-04
  0.00000000e+00 0.00000000e+00 1.00000000e+00 0.00000000e+00
  0.00000000e+00 0.00000000e+00]
 [2.25988701e-03 5.87199060e-04 5.83430572e-04 0.00000000e+00
  1.81488203e-03 0.00000000e+00 0.00000000e+00 9.99408634e-01
  0.00000000e+00 0.00000000e+00]
 [1.12994350e-03 0.00000000e+00 1.75029172e-03 0.00000000e+00
  3.02480339e-03 0.00000000e+00 0.00000000e+00 0.00000000e+00
  1.00000000e+00 0.00000000e+00]
 [1.69491525e-03 0.00000000e+00 5.83430572e-04 2.38521169e-03
  6.04960678e-04 0.00000000e+00 0.00000000e+00 0.00000000e+00
  0.00000000e+00 1.00000000e+00]]
matrix:[[9.92361927e-01 0.00000000e+00 0.00000000e+00 0.00000000e+00
  0.00000000e+00 5.83090379e-04 5.86166471e-04 0.00000000e+00
  0.00000000e+00 5.78034682e-04]
 [0.00000000e+00 1.00000000e+00 0.00000000e+00 0.00000000e+00
  0.00000000e+00 5.83090379e-04 1.17233294e-03 0.00000000e+00
  0.00000000e+00 1.15606936e-03]
 [0.00000000e+00 0.00000000e+00 1.00000000e+00 0.00000000e+00
  0.00000000e+00 0.00000000e+00 1.17233294e-03 0.00000000e+00
  0.00000000e+00 1.73410405e-03]
 [1.76263220e-03 0.00000000e+00 0.00000000e+00 9.94575045e-01
  0.00000000e+00 0.00000000e+00 1.17233294e-03 0.00000000e+00
  0.00000000e+00 5.78034682e-04]
 [0.00000000e+00 0.00000000e+00 0.00000000e+00 0.00000000e+00
  1.00000000e+00 5.83090379e-04 1.75849941e-03 3.00661455e-03
  5.83771162e-04 1.73410405e-03]
 [0.00000000e+00 0.00000000e+00 0.00000000e+00 0.00000000e+00
  0.00000000e+00 9.97667638e-01 5.86166471e-04 0.00000000e+00
  0.00000000e+00 1.73410405e-03]
 [0.00000000e+00 0.00000000e+00 0.00000000e+00 0.00000000e+00
  0.00000000e+00 5.83090379e-04 9.91207503e-01 0.00000000e+00
  0.00000000e+00 1.15606936e-03]
 [0.00000000e+00 0.00000000e+00 0.00000000e+00 0.00000000e+00
  0.00000000e+00 0.00000000e+00 5.86166471e-04 9.96993385e-01
  5.83771162e-04 5.78034682e-04]
 [2.35017626e-03 0.00000000e+00 0.00000000e+00 0.00000000e+00
  0.00000000e+00 0.00000000e+00 1.17233294e-03 0.00000000e+00
  9.98248687e-01 2.31213873e-03]
 [3.52526439e-03 0.00000000e+00 0.00000000e+00 5.42495479e-03
  0.00000000e+00 0.00000000e+00 5.86166471e-04 0.00000000e+00
  5.83771162e-04 9.88439306e-01]]
