matrix:[[0.00000000e+00 0.00000000e+00 0.00000000e+00 2.50000000e-01
  0.00000000e+00 5.81141944e-04 0.00000000e+00 0.00000000e+00
  0.00000000e+00 0.00000000e+00]
 [0.00000000e+00 0.00000000e+00 0.00000000e+00 0.00000000e+00
  0.00000000e+00 2.55847741e-01 0.00000000e+00 0.00000000e+00
  0.00000000e+00 0.00000000e+00]
 [0.00000000e+00 0.00000000e+00 0.00000000e+00 0.00000000e+00
  0.00000000e+00 2.46258899e-01 0.00000000e+00 0.00000000e+00
  0.00000000e+00 0.00000000e+00]
 [0.00000000e+00 0.00000000e+00 0.00000000e+00 2.47326203e-01
  0.00000000e+00 4.35856458e-04 0.00000000e+00 0.00000000e+00
  0.00000000e+00 0.00000000e+00]
 [0.00000000e+00 0.00000000e+00 0.00000000e+00 0.00000000e+00
  0.00000000e+00 1.45285486e-04 0.00000000e+00 4.93057607e-01
  0.00000000e+00 0.00000000e+00]
 [0.00000000e+00 0.00000000e+00 0.00000000e+00 0.00000000e+00
  0.00000000e+00 2.41173907e-01 0.00000000e+00 0.00000000e+00
  0.00000000e+00 0.00000000e+00]
 [0.00000000e+00 0.00000000e+00 0.00000000e+00 0.00000000e+00
  0.00000000e+00 2.53959029e-01 0.00000000e+00 0.00000000e+00
  0.00000000e+00 0.00000000e+00]
 [0.00000000e+00 0.00000000e+00 0.00000000e+00 0.00000000e+00
  0.00000000e+00 2.90570972e-04 0.00000000e+00 5.06942393e-01
  0.00000000e+00 0.00000000e+00]
 [0.00000000e+00 0.00000000e+00 0.00000000e+00 2.54901961e-01
  0.00000000e+00 7.26427430e-04 0.00000000e+00 0.00000000e+00
  0.00000000e+00 0.00000000e+00]
 [0.00000000e+00 0.00000000e+00 0.00000000e+00 2.47771836e-01
  0.00000000e+00 5.81141944e-04 0.00000000e+00 0.00000000e+00
  0.00000000e+00 0.00000000e+00]]
matrix:[[0.         0.         0.         0.         0.         0.
  0.         0.         0.10088235 0.        ]
 [0.         0.         0.         0.         0.         0.
  0.         0.         0.10017647 0.        ]
 [0.         0.         0.         0.         0.         0.
  0.         0.         0.10105882 0.        ]
 [0.         0.         0.         0.         0.         0.
  0.         0.         0.10088235 0.        ]
 [0.         0.         0.         0.         0.         0.
  0.         0.         0.09858824 0.        ]
 [0.         0.         0.         0.         0.         0.
  0.         0.         0.09582353 0.        ]
 [0.         0.         0.         0.         0.         0.
  0.         0.         0.09847059 0.        ]
 [0.         0.         0.         0.         0.         0.
  0.         0.         0.09982353 0.        ]
 [0.         0.         0.         0.         0.         0.
  0.         0.         0.10205882 0.        ]
 [0.         0.         0.         0.         0.         0.
  0.         0.         0.10223529 0.        ]]
matrix:[[0.10223529 0.         0.         0.         0.         0.
  0.         0.         0.         0.        ]
 [0.09952941 0.         0.         0.         0.         0.
  0.         0.         0.         0.        ]
 [0.09752941 0.         0.         0.         0.         0.
  0.         0.         0.         0.        ]
 [0.10111765 0.         0.         0.         0.         0.
  0.         0.         0.         0.        ]
 [0.10017647 0.         0.         0.         0.         0.
  0.         0.         0.         0.        ]
 [0.09817647 0.         0.         0.         0.         0.
  0.         0.         0.         0.        ]
 [0.10347059 0.         0.         0.         0.         0.
  0.         0.         0.         0.        ]
 [0.10076471 0.         0.         0.         0.         0.
  0.         0.         0.         0.        ]
 [0.09735294 0.         0.         0.         0.         0.
  0.         0.         0.         0.        ]
 [0.09964706 0.         0.         0.         0.         0.
  0.         0.         0.         0.        ]]
matrix:[[0.         0.         0.         0.098      0.         0.
  0.         0.         0.         0.        ]
 [0.         0.         0.         0.09870588 0.         0.
  0.         0.         0.         0.        ]
 [0.         0.         0.         0.10370588 0.         0.
  0.         0.         0.         0.        ]
 [0.         0.         0.         0.10094118 0.         0.
  0.         0.         0.         0.        ]
 [0.         0.         0.         0.10129412 0.         0.
  0.         0.         0.         0.        ]
 [0.         0.         0.         0.10052941 0.         0.
  0.         0.         0.         0.        ]
 [0.         0.         0.         0.10329412 0.         0.
  0.         0.         0.         0.        ]
 [0.         0.         0.         0.09882353 0.         0.
  0.         0.         0.         0.        ]
 [0.         0.         0.         0.09635294 0.         0.
  0.         0.         0.         0.        ]
 [0.         0.         0.         0.09835294 0.         0.
  0.         0.         0.         0.        ]]
matrix:[[0.         0.         0.         0.         0.         0.00039216
  0.         0.25073529 0.         0.        ]
 [0.         0.         0.         0.         0.         0.16911765
  0.         0.         0.         0.        ]
 [0.         0.         0.         0.         0.         0.16745098
  0.         0.         0.         0.        ]
 [0.         0.         0.         0.         0.         0.0004902
  0.         0.24720588 0.         0.        ]
 [0.         0.         0.         0.         0.         0.16333333
  0.         0.00058824 0.         0.        ]
 [0.         0.         0.         0.         0.         0.16941176
  0.         0.         0.         0.        ]
 [0.         0.         0.         0.         0.         0.16401961
  0.         0.         0.         0.        ]
 [0.         0.         0.         0.         0.         0.0004902
  0.         0.23955882 0.         0.        ]
 [0.         0.         0.         0.         0.         0.00029412
  0.         0.26102941 0.         0.        ]
 [0.         0.         0.         0.         0.         0.165
  0.         0.00088235 0.         0.        ]]
matrix:[[0.         0.         0.         0.         0.         0.
  0.         0.         0.09435294 0.        ]
 [0.         0.         0.         0.         0.         0.
  0.         0.         0.10464706 0.        ]
 [0.         0.         0.         0.         0.         0.
  0.         0.         0.10005882 0.        ]
 [0.         0.         0.         0.         0.         0.
  0.         0.         0.10252941 0.        ]
 [0.         0.         0.         0.         0.         0.
  0.         0.         0.10017647 0.        ]
 [0.         0.         0.         0.         0.         0.
  0.         0.         0.09894118 0.        ]
 [0.         0.         0.         0.         0.         0.
  0.         0.         0.09970588 0.        ]
 [0.         0.         0.         0.         0.         0.
  0.         0.         0.09664706 0.        ]
 [0.         0.         0.         0.         0.         0.
  0.         0.         0.10441176 0.        ]
 [0.         0.         0.         0.         0.         0.
  0.         0.         0.09852941 0.        ]]
matrix:[[3.23377369e-01 0.00000000e+00 0.00000000e+00 0.00000000e+00
  0.00000000e+00 0.00000000e+00 0.00000000e+00 6.79290142e-04
  0.00000000e+00 0.00000000e+00]
 [0.00000000e+00 0.00000000e+00 0.00000000e+00 0.00000000e+00
  0.00000000e+00 0.00000000e+00 0.00000000e+00 1.43584954e-01
  0.00000000e+00 0.00000000e+00]
 [0.00000000e+00 0.00000000e+00 0.00000000e+00 0.00000000e+00
  0.00000000e+00 0.00000000e+00 0.00000000e+00 1.43839688e-01
  0.00000000e+00 0.00000000e+00]
 [3.31993107e-01 0.00000000e+00 0.00000000e+00 0.00000000e+00
  0.00000000e+00 0.00000000e+00 0.00000000e+00 5.09467606e-04
  0.00000000e+00 0.00000000e+00]
 [5.74382539e-04 0.00000000e+00 0.00000000e+00 0.00000000e+00
  0.00000000e+00 0.00000000e+00 0.00000000e+00 1.46047380e-01
  0.00000000e+00 0.00000000e+00]
 [0.00000000e+00 0.00000000e+00 0.00000000e+00 0.00000000e+00
  0.00000000e+00 0.00000000e+00 0.00000000e+00 1.43415131e-01
  0.00000000e+00 0.00000000e+00]
 [0.00000000e+00 0.00000000e+00 0.00000000e+00 0.00000000e+00
  0.00000000e+00 0.00000000e+00 0.00000000e+00 1.42650930e-01
  0.00000000e+00 0.00000000e+00]
 [0.00000000e+00 0.00000000e+00 0.00000000e+00 0.00000000e+00
  0.00000000e+00 0.00000000e+00 0.00000000e+00 1.37980810e-01
  0.00000000e+00 0.00000000e+00]
 [3.43480758e-01 0.00000000e+00 0.00000000e+00 0.00000000e+00
  0.00000000e+00 0.00000000e+00 0.00000000e+00 3.39645071e-04
  0.00000000e+00 0.00000000e+00]
 [5.74382539e-04 0.00000000e+00 0.00000000e+00 0.00000000e+00
  0.00000000e+00 0.00000000e+00 0.00000000e+00 1.40952704e-01
  0.00000000e+00 0.00000000e+00]]
matrix:[[0.00000000e+00 0.00000000e+00 0.00000000e+00 0.00000000e+00
  1.17577895e-03 0.00000000e+00 0.00000000e+00 0.00000000e+00
  3.31915716e-01 0.00000000e+00]
 [0.00000000e+00 0.00000000e+00 0.00000000e+00 0.00000000e+00
  1.17577895e-03 0.00000000e+00 2.58026159e-01 0.00000000e+00
  0.00000000e+00 0.00000000e+00]
 [0.00000000e+00 0.00000000e+00 0.00000000e+00 0.00000000e+00
  1.46972369e-03 0.00000000e+00 2.48959572e-01 0.00000000e+00
  0.00000000e+00 0.00000000e+00]
 [0.00000000e+00 0.00000000e+00 0.00000000e+00 1.00000000e+00
  5.87889477e-04 0.00000000e+00 0.00000000e+00 0.00000000e+00
  9.66557124e-04 0.00000000e+00]
 [0.00000000e+00 0.00000000e+00 0.00000000e+00 0.00000000e+00
  5.08230453e-01 0.00000000e+00 0.00000000e+00 0.00000000e+00
  9.66557124e-04 0.00000000e+00]
 [0.00000000e+00 0.00000000e+00 0.00000000e+00 0.00000000e+00
  1.46972369e-03 0.00000000e+00 2.46135553e-01 0.00000000e+00
  0.00000000e+00 0.00000000e+00]
 [0.00000000e+00 0.00000000e+00 0.00000000e+00 0.00000000e+00
  5.87889477e-04 0.00000000e+00 2.46878716e-01 0.00000000e+00
  0.00000000e+00 0.00000000e+00]
 [0.00000000e+00 0.00000000e+00 0.00000000e+00 0.00000000e+00
  1.76366843e-03 0.00000000e+00 0.00000000e+00 0.00000000e+00
  3.33655519e-01 0.00000000e+00]
 [0.00000000e+00 0.00000000e+00 0.00000000e+00 0.00000000e+00
  5.87889477e-04 0.00000000e+00 0.00000000e+00 0.00000000e+00
  3.31722405e-01 0.00000000e+00]
 [0.00000000e+00 0.00000000e+00 0.00000000e+00 0.00000000e+00
  4.82951205e-01 0.00000000e+00 0.00000000e+00 0.00000000e+00
  7.73245699e-04 0.00000000e+00]]
matrix:[[0.00000000e+00 0.00000000e+00 0.00000000e+00 0.00000000e+00
  6.89655172e-02 0.00000000e+00 0.00000000e+00 2.02530163e-01
  0.00000000e+00 0.00000000e+00]
 [0.00000000e+00 0.00000000e+00 3.31987891e-01 0.00000000e+00
  6.89655172e-02 0.00000000e+00 0.00000000e+00 0.00000000e+00
  0.00000000e+00 0.00000000e+00]
 [0.00000000e+00 0.00000000e+00 3.31987891e-01 0.00000000e+00
  6.89655172e-02 0.00000000e+00 0.00000000e+00 0.00000000e+00
  0.00000000e+00 0.00000000e+00]
 [0.00000000e+00 0.00000000e+00 0.00000000e+00 0.00000000e+00
  3.44827586e-02 0.00000000e+00 0.00000000e+00 2.00655968e-01
  0.00000000e+00 0.00000000e+00]
 [0.00000000e+00 0.00000000e+00 0.00000000e+00 0.00000000e+00
  6.89655172e-02 0.00000000e+00 0.00000000e+00 9.37097341e-04
  0.00000000e+00 4.92811961e-01]
 [0.00000000e+00 1.00000000e+00 3.35822402e-01 0.00000000e+00
  1.03448276e-01 0.00000000e+00 0.00000000e+00 0.00000000e+00
  0.00000000e+00 0.00000000e+00]
 [0.00000000e+00 0.00000000e+00 2.01816347e-04 0.00000000e+00
  1.37931034e-01 0.00000000e+00 0.00000000e+00 2.00538831e-01
  0.00000000e+00 0.00000000e+00]
 [0.00000000e+00 0.00000000e+00 0.00000000e+00 0.00000000e+00
  1.03448276e-01 0.00000000e+00 0.00000000e+00 2.02295888e-01
  0.00000000e+00 0.00000000e+00]
 [0.00000000e+00 0.00000000e+00 0.00000000e+00 0.00000000e+00
  1.72413793e-01 0.00000000e+00 0.00000000e+00 1.92339229e-01
  0.00000000e+00 0.00000000e+00]
 [0.00000000e+00 0.00000000e+00 0.00000000e+00 0.00000000e+00
  1.72413793e-01 0.00000000e+00 0.00000000e+00 7.02823006e-04
  0.00000000e+00 5.07188039e-01]]
matrix:[[0.00000000e+00 0.00000000e+00 0.00000000e+00 1.46519226e-01
  0.00000000e+00 0.00000000e+00 0.00000000e+00 0.00000000e+00
  0.00000000e+00 0.00000000e+00]
 [0.00000000e+00 3.24511159e-01 0.00000000e+00 3.35092569e-04
  0.00000000e+00 0.00000000e+00 0.00000000e+00 0.00000000e+00
  0.00000000e+00 0.00000000e+00]
 [0.00000000e+00 3.42089670e-01 0.00000000e+00 8.37731423e-05
  0.00000000e+00 0.00000000e+00 0.00000000e+00 0.00000000e+00
  0.00000000e+00 0.00000000e+00]
 [0.00000000e+00 0.00000000e+00 0.00000000e+00 1.42665661e-01
  0.00000000e+00 0.00000000e+00 0.00000000e+00 0.00000000e+00
  0.00000000e+00 0.00000000e+00]
 [0.00000000e+00 0.00000000e+00 0.00000000e+00 1.45597721e-01
  0.00000000e+00 0.00000000e+00 0.00000000e+00 0.00000000e+00
  0.00000000e+00 0.00000000e+00]
 [0.00000000e+00 1.97511357e-04 0.00000000e+00 1.43084527e-01
  0.00000000e+00 0.00000000e+00 0.00000000e+00 0.00000000e+00
  0.00000000e+00 0.00000000e+00]
 [0.00000000e+00 3.32806636e-01 0.00000000e+00 2.51319427e-04
  0.00000000e+00 0.00000000e+00 0.00000000e+00 0.00000000e+00
  0.00000000e+00 0.00000000e+00]
 [0.00000000e+00 1.97511357e-04 0.00000000e+00 1.40236240e-01
  0.00000000e+00 0.00000000e+00 0.00000000e+00 0.00000000e+00
  0.00000000e+00 0.00000000e+00]
 [0.00000000e+00 0.00000000e+00 0.00000000e+00 1.42330569e-01
  0.00000000e+00 0.00000000e+00 0.00000000e+00 0.00000000e+00
  0.00000000e+00 0.00000000e+00]
 [0.00000000e+00 1.97511357e-04 0.00000000e+00 1.38895870e-01
  0.00000000e+00 0.00000000e+00 0.00000000e+00 0.00000000e+00
  0.00000000e+00 0.00000000e+00]]
