matrix:[[0. 0. 0. ... 0. 0. 0.]
 [0. 0. 0. ... 0. 0. 0.]
 [0. 0. 0. ... 0. 0. 0.]
 ...
 [0. 0. 0. ... 0. 0. 0.]
 [0. 0. 0. ... 0. 0. 0.]
 [0. 0. 0. ... 0. 0. 0.]]
matrix:[[0. 0. 0. ... 0. 0. 0.]
 [0. 0. 0. ... 0. 0. 0.]
 [0. 0. 0. ... 0. 0. 0.]
 ...
 [0. 0. 0. ... 0. 0. 0.]
 [0. 0. 0. ... 0. 0. 0.]
 [0. 0. 0. ... 0. 0. 0.]]
matrix:[[0.         0.         0.         ... 0.         0.02014118 0.        ]
 [0.         0.         0.         ... 0.         0.01982353 0.        ]
 [0.         0.         0.         ... 0.         0.02010588 0.        ]
 ...
 [0.         0.         0.         ... 0.         0.01929412 0.        ]
 [0.         0.         0.         ... 0.         0.01911765 0.        ]
 [0.         0.         0.         ... 0.         0.01954118 0.        ]]
matrix:[[0. 0. 0. ... 0. 0. 0.]
 [0. 0. 0. ... 0. 0. 0.]
 [0. 0. 0. ... 0. 0. 0.]
 ...
 [0. 0. 0. ... 0. 0. 0.]
 [0. 0. 0. ... 0. 0. 0.]
 [0. 0. 0. ... 0. 0. 0.]]
