matrix:[[1.00000000e+00 0.00000000e+00 0.00000000e+00 1.78997613e-03
  5.75043128e-04 0.00000000e+00 3.45025877e-03 0.00000000e+00
  0.00000000e+00 0.00000000e+00]
 [0.00000000e+00 9.98829725e-01 0.00000000e+00 2.38663484e-03
  5.75043128e-04 0.00000000e+00 2.30017251e-03 0.00000000e+00
  0.00000000e+00 0.00000000e+00]
 [0.00000000e+00 1.17027501e-03 9.99405470e-01 2.38663484e-03
  5.75043128e-04 1.72711572e-03 2.87521564e-03 0.00000000e+00
  0.00000000e+00 0.00000000e+00]
 [0.00000000e+00 0.00000000e+00 0.00000000e+00 9.84486874e-01
  0.00000000e+00 0.00000000e+00 2.30017251e-03 0.00000000e+00
  0.00000000e+00 0.00000000e+00]
 [0.00000000e+00 0.00000000e+00 0.00000000e+00 0.00000000e+00
  9.98274871e-01 0.00000000e+00 2.30017251e-03 0.00000000e+00
  0.00000000e+00 0.00000000e+00]
 [0.00000000e+00 0.00000000e+00 0.00000000e+00 4.17661098e-03
  0.00000000e+00 9.98272884e-01 2.30017251e-03 0.00000000e+00
  0.00000000e+00 0.00000000e+00]
 [0.00000000e+00 0.00000000e+00 5.94530321e-04 0.00000000e+00
  0.00000000e+00 0.00000000e+00 9.76998275e-01 0.00000000e+00
  0.00000000e+00 0.00000000e+00]
 [0.00000000e+00 0.00000000e+00 0.00000000e+00 0.00000000e+00
  0.00000000e+00 0.00000000e+00 2.30017251e-03 1.00000000e+00
  0.00000000e+00 0.00000000e+00]
 [0.00000000e+00 0.00000000e+00 0.00000000e+00 2.98329356e-03
  0.00000000e+00 0.00000000e+00 2.30017251e-03 0.00000000e+00
  1.00000000e+00 0.00000000e+00]
 [0.00000000e+00 0.00000000e+00 0.00000000e+00 1.78997613e-03
  0.00000000e+00 0.00000000e+00 2.87521564e-03 0.00000000e+00
  0.00000000e+00 1.00000000e+00]]
