matrix:[[0.         0.         0.         0.         0.         0.
  0.         0.         0.         0.09688235]
 [0.         0.         0.         0.         0.         0.
  0.         0.         0.         0.10029412]
 [0.         0.         0.         0.         0.         0.
  0.         0.         0.         0.09941176]
 [0.         0.         0.         0.         0.         0.
  0.         0.         0.         0.10082353]
 [0.         0.         0.         0.         0.         0.
  0.         0.         0.         0.10123529]
 [0.         0.         0.         0.         0.         0.
  0.         0.         0.         0.10347059]
 [0.         0.         0.         0.         0.         0.
  0.         0.         0.         0.09988235]
 [0.         0.         0.         0.         0.         0.
  0.         0.         0.         0.101     ]
 [0.         0.         0.         0.         0.         0.
  0.         0.         0.         0.09964706]
 [0.         0.         0.         0.         0.         0.
  0.         0.         0.         0.09735294]]
matrix:[[0.10041176 0.         0.         0.         0.         0.
  0.         0.         0.         0.        ]
 [0.09764706 0.         0.         0.         0.         0.
  0.         0.         0.         0.        ]
 [0.10382353 0.         0.         0.         0.         0.
  0.         0.         0.         0.        ]
 [0.09876471 0.         0.         0.         0.         0.
  0.         0.         0.         0.        ]
 [0.10088235 0.         0.         0.         0.         0.
  0.         0.         0.         0.        ]
 [0.09982353 0.         0.         0.         0.         0.
  0.         0.         0.         0.        ]
 [0.09935294 0.         0.         0.         0.         0.
  0.         0.         0.         0.        ]
 [0.09794118 0.         0.         0.         0.         0.
  0.         0.         0.         0.        ]
 [0.10423529 0.         0.         0.         0.         0.
  0.         0.         0.         0.        ]
 [0.09711765 0.         0.         0.         0.         0.
  0.         0.         0.         0.        ]]
matrix:[[0.         0.         0.         0.         0.         0.
  0.         0.         0.         0.09623529]
 [0.         0.         0.         0.         0.         0.
  0.         0.         0.         0.10017647]
 [0.         0.         0.         0.         0.         0.
  0.         0.         0.         0.10382353]
 [0.         0.         0.         0.         0.         0.
  0.         0.         0.         0.10370588]
 [0.         0.         0.         0.         0.         0.
  0.         0.         0.         0.09752941]
 [0.         0.         0.         0.         0.         0.
  0.         0.         0.         0.10017647]
 [0.         0.         0.         0.         0.         0.
  0.         0.         0.         0.10052941]
 [0.         0.         0.         0.         0.         0.
  0.         0.         0.         0.099     ]
 [0.         0.         0.         0.         0.         0.
  0.         0.         0.         0.102     ]
 [0.         0.         0.         0.         0.         0.
  0.         0.         0.         0.09682353]]
matrix:[[0.         0.         0.         0.         0.         0.
  0.10088235 0.         0.         0.        ]
 [0.         0.         0.         0.         0.         0.
  0.10041176 0.         0.         0.        ]
 [0.         0.         0.         0.         0.         0.
  0.09705882 0.         0.         0.        ]
 [0.         0.         0.         0.         0.         0.
  0.09952941 0.         0.         0.        ]
 [0.         0.         0.         0.         0.         0.
  0.09752941 0.         0.         0.        ]
 [0.         0.         0.         0.         0.         0.
  0.10017647 0.         0.         0.        ]
 [0.         0.         0.         0.         0.         0.
  0.099      0.         0.         0.        ]
 [0.         0.         0.         0.         0.         0.
  0.10029412 0.         0.         0.        ]
 [0.         0.         0.         0.         0.         0.
  0.10041176 0.         0.         0.        ]
 [0.         0.         0.         0.         0.         0.
  0.10470588 0.         0.         0.        ]]
