matrix:[[1.        0.        0.        ... 0.        0.        0.       ]
 [0.        1.        0.        ... 0.        0.        0.       ]
 [0.        0.        1.        ... 0.        0.        0.       ]
 ...
 [0.        0.        0.        ... 0.8294612 0.        0.       ]
 [0.        0.        0.        ... 0.        1.        0.       ]
 [0.        0.        0.        ... 0.        0.        1.       ]]
matrix:[[0.9984326  0.         0.         ... 0.         0.         0.        ]
 [0.         1.         0.         ... 0.         0.         0.        ]
 [0.         0.         1.         ... 0.         0.         0.        ]
 ...
 [0.         0.         0.         ... 1.         0.         0.        ]
 [0.         0.         0.         ... 0.         0.99653979 0.        ]
 [0.         0.         0.         ... 0.         0.         0.99883518]]
