matrix:[[0. 0. 0. ... 0. 0. 0.]
 [0. 0. 0. ... 0. 0. 0.]
 [0. 0. 0. ... 0. 0. 0.]
 ...
 [0. 0. 0. ... 0. 0. 0.]
 [0. 0. 0. ... 0. 0. 0.]
 [0. 0. 0. ... 0. 0. 0.]]
matrix:[[0. 0. 0. ... 0. 0. 0.]
 [0. 0. 0. ... 0. 0. 0.]
 [0. 0. 0. ... 0. 0. 0.]
 ...
 [0. 0. 0. ... 0. 0. 0.]
 [0. 0. 0. ... 0. 0. 0.]
 [0. 0. 0. ... 0. 0. 0.]]
matrix:[[0.         0.         0.02023529 ... 0.         0.         0.        ]
 [0.         0.         0.0196     ... 0.         0.         0.        ]
 [0.         0.         0.01956471 ... 0.         0.         0.        ]
 ...
 [0.         0.         0.02022353 ... 0.         0.         0.        ]
 [0.         0.         0.02008235 ... 0.         0.         0.        ]
 [0.         0.         0.02050588 ... 0.         0.         0.        ]]
matrix:[[0. 0. 0. ... 0. 0. 0.]
 [0. 0. 0. ... 0. 0. 0.]
 [0. 0. 0. ... 0. 0. 0.]
 ...
 [0. 0. 0. ... 0. 0. 0.]
 [0. 0. 0. ... 0. 0. 0.]
 [0. 0. 0. ... 0. 0. 0.]]
matrix:[[0. 0. 0. ... 0. 0. 0.]
 [0. 0. 0. ... 0. 0. 0.]
 [0. 0. 0. ... 0. 0. 0.]
 ...
 [0. 0. 0. ... 0. 0. 0.]
 [0. 0. 0. ... 0. 0. 0.]
 [0. 0. 0. ... 0. 0. 0.]]
matrix:[[0.         0.01954118 0.         ... 0.         0.         0.        ]
 [0.         0.02029412 0.         ... 0.         0.         0.        ]
 [0.         0.01963529 0.         ... 0.         0.         0.        ]
 ...
 [0.         0.01977647 0.         ... 0.         0.         0.        ]
 [0.         0.02035294 0.         ... 0.         0.         0.        ]
 [0.         0.01942353 0.         ... 0.         0.         0.        ]]
matrix:[[0.         0.         0.         ... 0.01985882 0.         0.        ]
 [0.         0.         0.         ... 0.02061176 0.         0.        ]
 [0.         0.         0.         ... 0.02028235 0.         0.        ]
 ...
 [0.         0.         0.         ... 0.01916471 0.         0.        ]
 [0.         0.         0.         ... 0.02035294 0.         0.        ]
 [0.         0.         0.         ... 0.02002353 0.         0.        ]]
matrix:[[0. 0. 0. ... 0. 0. 0.]
 [0. 0. 0. ... 0. 0. 0.]
 [0. 0. 0. ... 0. 0. 0.]
 ...
 [0. 0. 0. ... 0. 0. 0.]
 [0. 0. 0. ... 0. 0. 0.]
 [0. 0. 0. ... 0. 0. 0.]]
matrix:[[0. 0. 0. ... 0. 0. 0.]
 [0. 0. 0. ... 0. 0. 0.]
 [0. 0. 0. ... 0. 0. 0.]
 ...
 [0. 0. 0. ... 0. 0. 0.]
 [0. 0. 0. ... 0. 0. 0.]
 [0. 0. 0. ... 0. 0. 0.]]
matrix:[[0. 0. 0. ... 0. 0. 0.]
 [0. 0. 0. ... 0. 0. 0.]
 [0. 0. 0. ... 0. 0. 0.]
 ...
 [0. 0. 0. ... 0. 0. 0.]
 [0. 0. 0. ... 0. 0. 0.]
 [0. 0. 0. ... 0. 0. 0.]]
