matrix:[[0.         0.         0.09688235 0.         0.         0.
  0.         0.         0.         0.        ]
 [0.         0.         0.10005882 0.         0.         0.
  0.         0.         0.         0.        ]
 [0.         0.         0.09952941 0.         0.         0.
  0.         0.         0.         0.        ]
 [0.         0.         0.10552941 0.         0.         0.
  0.         0.         0.         0.        ]
 [0.         0.         0.10064706 0.         0.         0.
  0.         0.         0.         0.        ]
 [0.         0.         0.09647059 0.         0.         0.
  0.         0.         0.         0.        ]
 [0.         0.         0.09952941 0.         0.         0.
  0.         0.         0.         0.        ]
 [0.         0.         0.09658824 0.         0.         0.
  0.         0.         0.         0.        ]
 [0.         0.         0.10329412 0.         0.         0.
  0.         0.         0.         0.        ]
 [0.         0.         0.10147059 0.         0.         0.
  0.         0.         0.         0.        ]]
matrix:[[0.         0.         0.         0.         0.         0.
  0.         0.         0.09894118 0.        ]
 [0.         0.         0.         0.         0.         0.
  0.         0.         0.10341176 0.        ]
 [0.         0.         0.         0.         0.         0.
  0.         0.         0.10117647 0.        ]
 [0.         0.         0.         0.         0.         0.
  0.         0.         0.09935294 0.        ]
 [0.         0.         0.         0.         0.         0.
  0.         0.         0.10047059 0.        ]
 [0.         0.         0.         0.         0.         0.
  0.         0.         0.09670588 0.        ]
 [0.         0.         0.         0.         0.         0.
  0.         0.         0.10005882 0.        ]
 [0.         0.         0.         0.         0.         0.
  0.         0.         0.10029412 0.        ]
 [0.         0.         0.         0.         0.         0.
  0.         0.         0.10223529 0.        ]
 [0.         0.         0.         0.         0.         0.
  0.         0.         0.09735294 0.        ]]
matrix:[[0.         0.         0.         0.         0.         0.10176471
  0.         0.         0.         0.        ]
 [0.         0.         0.         0.         0.         0.09823529
  0.         0.         0.         0.        ]
 [0.         0.         0.         0.         0.         0.10047059
  0.         0.         0.         0.        ]
 [0.         0.         0.         0.         0.         0.10170588
  0.         0.         0.         0.        ]
 [0.         0.         0.         0.         0.         0.09782353
  0.         0.         0.         0.        ]
 [0.         0.         0.         0.         0.         0.09841176
  0.         0.         0.         0.        ]
 [0.         0.         0.         0.         0.         0.10076471
  0.         0.         0.         0.        ]
 [0.         0.         0.         0.         0.         0.10017647
  0.         0.         0.         0.        ]
 [0.         0.         0.         0.         0.         0.09988235
  0.         0.         0.         0.        ]
 [0.         0.         0.         0.         0.         0.10076471
  0.         0.         0.         0.        ]]
matrix:[[0.         0.         0.         0.         0.         0.
  0.         0.         0.09823529 0.        ]
 [0.         0.         0.         0.         0.         0.
  0.         0.         0.10211765 0.        ]
 [0.         0.         0.         0.         0.         0.
  0.         0.         0.09888235 0.        ]
 [0.         0.         0.         0.         0.         0.
  0.         0.         0.09835294 0.        ]
 [0.         0.         0.         0.         0.         0.
  0.         0.         0.10117647 0.        ]
 [0.         0.         0.         0.         0.         0.
  0.         0.         0.09835294 0.        ]
 [0.         0.         0.         0.         0.         0.
  0.         0.         0.10070588 0.        ]
 [0.         0.         0.         0.         0.         0.
  0.         0.         0.10017647 0.        ]
 [0.         0.         0.         0.         0.         0.
  0.         0.         0.10235294 0.        ]
 [0.         0.         0.         0.         0.         0.
  0.         0.         0.09964706 0.        ]]
matrix:[[0.         0.09814542 0.         0.         0.         0.
  0.         0.         0.         0.        ]
 [0.         0.09790992 0.22222222 0.         0.         0.
  0.         0.         0.16666667 0.        ]
 [0.         0.10144245 0.         0.         0.         0.
  0.         0.         0.         0.        ]
 [0.         0.10391522 0.11111111 0.         0.         0.
  0.         0.         0.16666667 0.        ]
 [0.         0.09773329 0.22222222 0.         0.         0.
  0.         0.         0.16666667 0.        ]
 [0.         0.1020312  0.         0.         0.         0.
  0.         0.         0.         0.        ]
 [0.         0.09973506 0.11111111 0.         0.         0.
  0.         0.         0.         0.        ]
 [0.         0.10091257 0.11111111 0.         0.         0.
  0.         0.         0.16666667 0.        ]
 [0.         0.09767442 0.         0.         0.         0.
  0.         0.         0.16666667 0.        ]
 [0.         0.10050044 0.22222222 0.         0.         0.
  0.         0.         0.16666667 0.        ]]
matrix:[[0.         0.10052941 0.         0.         0.         0.
  0.         0.         0.         0.        ]
 [0.         0.09770588 0.         0.         0.         0.
  0.         0.         0.         0.        ]
 [0.         0.09876471 0.         0.         0.         0.
  0.         0.         0.         0.        ]
 [0.         0.09994118 0.         0.         0.         0.
  0.         0.         0.         0.        ]
 [0.         0.10082353 0.         0.         0.         0.
  0.         0.         0.         0.        ]
 [0.         0.10129412 0.         0.         0.         0.
  0.         0.         0.         0.        ]
 [0.         0.09976471 0.         0.         0.         0.
  0.         0.         0.         0.        ]
 [0.         0.10123529 0.         0.         0.         0.
  0.         0.         0.         0.        ]
 [0.         0.10141176 0.         0.         0.         0.
  0.         0.         0.         0.        ]
 [0.         0.09852941 0.         0.         0.         0.
  0.         0.         0.         0.        ]]
matrix:[[0.         0.         0.10194118 0.         0.         0.
  0.         0.         0.         0.        ]
 [0.         0.         0.10241176 0.         0.         0.
  0.         0.         0.         0.        ]
 [0.         0.         0.09794118 0.         0.         0.
  0.         0.         0.         0.        ]
 [0.         0.         0.09929412 0.         0.         0.
  0.         0.         0.         0.        ]
 [0.         0.         0.10041176 0.         0.         0.
  0.         0.         0.         0.        ]
 [0.         0.         0.10147059 0.         0.         0.
  0.         0.         0.         0.        ]
 [0.         0.         0.10029412 0.         0.         0.
  0.         0.         0.         0.        ]
 [0.         0.         0.09658824 0.         0.         0.
  0.         0.         0.         0.        ]
 [0.         0.         0.09711765 0.         0.         0.
  0.         0.         0.         0.        ]
 [0.         0.         0.10252941 0.         0.         0.
  0.         0.         0.         0.        ]]
matrix:[[0.         0.         0.         0.         0.         0.
  0.         0.         0.         0.10241176]
 [0.         0.         0.         0.         0.         0.
  0.         0.         0.         0.09905882]
 [0.         0.         0.         0.         0.         0.
  0.         0.         0.         0.10111765]
 [0.         0.         0.         0.         0.         0.
  0.         0.         0.         0.09894118]
 [0.         0.         0.         0.         0.         0.
  0.         0.         0.         0.10005882]
 [0.         0.         0.         0.         0.         0.
  0.         0.         0.         0.09876471]
 [0.         0.         0.         0.         0.         0.
  0.         0.         0.         0.10052941]
 [0.         0.         0.         0.         0.         0.
  0.         0.         0.         0.09811765]
 [0.         0.         0.         0.         0.         0.
  0.         0.         0.         0.10164706]
 [0.         0.         0.         0.         0.         0.
  0.         0.         0.         0.09935294]]
matrix:[[0.         0.         0.         0.         0.         0.
  0.         0.09929412 0.         0.        ]
 [0.         0.         0.         0.         0.         0.
  0.         0.09888235 0.         0.        ]
 [0.         0.         0.         0.         0.         0.
  0.         0.09694118 0.         0.        ]
 [0.         0.         0.         0.         0.         0.
  0.         0.10005882 0.         0.        ]
 [0.         0.         0.         0.         0.         0.
  0.         0.10117647 0.         0.        ]
 [0.         0.         0.         0.         0.         0.
  0.         0.10070588 0.         0.        ]
 [0.         0.         0.         0.         0.         0.
  0.         0.10017647 0.         0.        ]
 [0.         0.         0.         0.         0.         0.
  0.         0.10241176 0.         0.        ]
 [0.         0.         0.         0.         0.         0.
  0.         0.10082353 0.         0.        ]
 [0.         0.         0.         0.         0.         0.
  0.         0.09952941 0.         0.        ]]
matrix:[[0.         0.         0.         0.10076471 0.         0.
  0.         0.         0.         0.        ]
 [0.         0.         0.         0.10111765 0.         0.
  0.         0.         0.         0.        ]
 [0.         0.         0.         0.09935294 0.         0.
  0.         0.         0.         0.        ]
 [0.         0.         0.         0.09882353 0.         0.
  0.         0.         0.         0.        ]
 [0.         0.         0.         0.09870588 0.         0.
  0.         0.         0.         0.        ]
 [0.         0.         0.         0.1        0.         0.
  0.         0.         0.         0.        ]
 [0.         0.         0.         0.09835294 0.         0.
  0.         0.         0.         0.        ]
 [0.         0.         0.         0.10011765 0.         0.
  0.         0.         0.         0.        ]
 [0.         0.         0.         0.09952941 0.         0.
  0.         0.         0.         0.        ]
 [0.         0.         0.         0.10323529 0.         0.
  0.         0.         0.         0.        ]]
