matrix:[[0.         0.         0.         ... 0.         0.         0.        ]
 [0.         0.         0.         ... 0.         0.         0.        ]
 [0.         0.         0.         ... 0.         0.         0.        ]
 ...
 [0.37121212 0.         0.         ... 0.         0.         0.        ]
 [0.         0.         0.         ... 0.         0.         0.        ]
 [0.         0.         0.         ... 0.         0.         0.        ]]
matrix:[[0. 0. 0. ... 0. 0. 0.]
 [0. 0. 0. ... 0. 0. 0.]
 [0. 0. 0. ... 0. 0. 0.]
 ...
 [0. 0. 0. ... 0. 0. 0.]
 [0. 0. 0. ... 0. 0. 0.]
 [0. 0. 0. ... 0. 0. 0.]]
matrix:[[0. 0. 0. ... 0. 0. 0.]
 [0. 0. 0. ... 0. 0. 0.]
 [0. 0. 0. ... 0. 0. 0.]
 ...
 [0. 0. 0. ... 0. 0. 0.]
 [0. 0. 0. ... 0. 0. 0.]
 [0. 0. 0. ... 0. 0. 1.]]
