matrix:[[9.84192037e-01 0.00000000e+00 0.00000000e+00 0.00000000e+00
  0.00000000e+00 1.19260584e-03 0.00000000e+00 1.73210162e-03
  0.00000000e+00 0.00000000e+00]
 [0.00000000e+00 1.00000000e+00 0.00000000e+00 0.00000000e+00
  0.00000000e+00 0.00000000e+00 0.00000000e+00 1.73210162e-03
  0.00000000e+00 0.00000000e+00]
 [5.85480094e-04 0.00000000e+00 1.00000000e+00 0.00000000e+00
  0.00000000e+00 0.00000000e+00 0.00000000e+00 2.88683603e-03
  0.00000000e+00 0.00000000e+00]
 [2.92740047e-03 0.00000000e+00 0.00000000e+00 1.00000000e+00
  0.00000000e+00 0.00000000e+00 0.00000000e+00 3.46420323e-03
  0.00000000e+00 0.00000000e+00]
 [5.85480094e-04 0.00000000e+00 0.00000000e+00 0.00000000e+00
  1.00000000e+00 0.00000000e+00 0.00000000e+00 5.77367206e-04
  2.35571260e-03 0.00000000e+00]
 [0.00000000e+00 0.00000000e+00 0.00000000e+00 0.00000000e+00
  0.00000000e+00 9.98807394e-01 0.00000000e+00 1.15473441e-03
  0.00000000e+00 0.00000000e+00]
 [5.85480094e-04 0.00000000e+00 0.00000000e+00 0.00000000e+00
  0.00000000e+00 0.00000000e+00 1.00000000e+00 1.73210162e-03
  0.00000000e+00 0.00000000e+00]
 [2.92740047e-03 0.00000000e+00 0.00000000e+00 0.00000000e+00
  0.00000000e+00 0.00000000e+00 0.00000000e+00 9.80946882e-01
  0.00000000e+00 0.00000000e+00]
 [3.51288056e-03 0.00000000e+00 0.00000000e+00 0.00000000e+00
  0.00000000e+00 0.00000000e+00 0.00000000e+00 3.46420323e-03
  9.97644287e-01 0.00000000e+00]
 [4.68384075e-03 0.00000000e+00 0.00000000e+00 0.00000000e+00
  0.00000000e+00 0.00000000e+00 0.00000000e+00 2.30946882e-03
  0.00000000e+00 1.00000000e+00]]
matrix:[[4.86275643e-01 0.00000000e+00 0.00000000e+00 0.00000000e+00
  0.00000000e+00 0.00000000e+00 0.00000000e+00 0.00000000e+00
  0.00000000e+00 0.00000000e+00]
 [5.77867668e-04 1.00000000e+00 0.00000000e+00 0.00000000e+00
  0.00000000e+00 5.88235294e-04 0.00000000e+00 0.00000000e+00
  0.00000000e+00 0.00000000e+00]
 [8.66801502e-04 0.00000000e+00 1.00000000e+00 0.00000000e+00
  0.00000000e+00 0.00000000e+00 0.00000000e+00 0.00000000e+00
  0.00000000e+00 0.00000000e+00]
 [2.02253684e-03 0.00000000e+00 0.00000000e+00 9.97634536e-01
  0.00000000e+00 0.00000000e+00 0.00000000e+00 0.00000000e+00
  0.00000000e+00 0.00000000e+00]
 [2.60040451e-03 0.00000000e+00 0.00000000e+00 0.00000000e+00
  1.00000000e+00 0.00000000e+00 0.00000000e+00 0.00000000e+00
  0.00000000e+00 0.00000000e+00]
 [1.15573534e-03 0.00000000e+00 0.00000000e+00 0.00000000e+00
  0.00000000e+00 9.99411765e-01 0.00000000e+00 0.00000000e+00
  0.00000000e+00 0.00000000e+00]
 [1.15573534e-03 0.00000000e+00 0.00000000e+00 0.00000000e+00
  0.00000000e+00 0.00000000e+00 1.00000000e+00 0.00000000e+00
  0.00000000e+00 0.00000000e+00]
 [2.60040451e-03 0.00000000e+00 0.00000000e+00 0.00000000e+00
  0.00000000e+00 0.00000000e+00 0.00000000e+00 1.00000000e+00
  0.00000000e+00 0.00000000e+00]
 [5.01011268e-01 0.00000000e+00 0.00000000e+00 0.00000000e+00
  0.00000000e+00 0.00000000e+00 0.00000000e+00 0.00000000e+00
  0.00000000e+00 0.00000000e+00]
 [1.73360300e-03 0.00000000e+00 0.00000000e+00 2.36546422e-03
  0.00000000e+00 0.00000000e+00 0.00000000e+00 0.00000000e+00
  0.00000000e+00 1.00000000e+00]]
matrix:[[1.00000000e+00 0.00000000e+00 1.75541252e-03 0.00000000e+00
  0.00000000e+00 0.00000000e+00 1.18623962e-03 0.00000000e+00
  0.00000000e+00 0.00000000e+00]
 [0.00000000e+00 1.00000000e+00 2.92568754e-03 0.00000000e+00
  0.00000000e+00 0.00000000e+00 0.00000000e+00 0.00000000e+00
  0.00000000e+00 0.00000000e+00]
 [0.00000000e+00 0.00000000e+00 9.74839087e-01 0.00000000e+00
  0.00000000e+00 0.00000000e+00 0.00000000e+00 0.00000000e+00
  0.00000000e+00 0.00000000e+00]
 [0.00000000e+00 0.00000000e+00 2.34055003e-03 9.95887192e-01
  0.00000000e+00 0.00000000e+00 1.18623962e-03 0.00000000e+00
  0.00000000e+00 0.00000000e+00]
 [0.00000000e+00 0.00000000e+00 3.51082504e-03 4.11280846e-03
  1.00000000e+00 0.00000000e+00 0.00000000e+00 0.00000000e+00
  0.00000000e+00 0.00000000e+00]
 [0.00000000e+00 0.00000000e+00 2.34055003e-03 0.00000000e+00
  0.00000000e+00 1.00000000e+00 0.00000000e+00 0.00000000e+00
  0.00000000e+00 0.00000000e+00]
 [0.00000000e+00 0.00000000e+00 2.92568754e-03 0.00000000e+00
  0.00000000e+00 0.00000000e+00 9.95255042e-01 0.00000000e+00
  0.00000000e+00 0.00000000e+00]
 [0.00000000e+00 0.00000000e+00 3.51082504e-03 0.00000000e+00
  0.00000000e+00 0.00000000e+00 5.93119810e-04 1.00000000e+00
  0.00000000e+00 0.00000000e+00]
 [0.00000000e+00 0.00000000e+00 1.17027501e-03 0.00000000e+00
  0.00000000e+00 0.00000000e+00 1.77935943e-03 0.00000000e+00
  9.98263889e-01 0.00000000e+00]
 [0.00000000e+00 0.00000000e+00 4.68110006e-03 0.00000000e+00
  0.00000000e+00 0.00000000e+00 0.00000000e+00 0.00000000e+00
  1.73611111e-03 1.00000000e+00]]
matrix:[[1.00000000e+00 0.00000000e+00 0.00000000e+00 0.00000000e+00
  0.00000000e+00 0.00000000e+00 5.85823081e-04 1.17370892e-03
  0.00000000e+00 0.00000000e+00]
 [0.00000000e+00 1.00000000e+00 0.00000000e+00 0.00000000e+00
  5.78368999e-04 0.00000000e+00 5.85823081e-04 2.93427230e-04
  0.00000000e+00 0.00000000e+00]
 [0.00000000e+00 0.00000000e+00 1.00000000e+00 0.00000000e+00
  1.15673800e-03 0.00000000e+00 5.85823081e-04 5.86854460e-04
  0.00000000e+00 0.00000000e+00]
 [0.00000000e+00 0.00000000e+00 0.00000000e+00 9.97546012e-01
  0.00000000e+00 0.00000000e+00 1.75746924e-03 8.80281690e-04
  0.00000000e+00 5.83771162e-04]
 [0.00000000e+00 0.00000000e+00 0.00000000e+00 1.84049080e-03
  9.72816657e-01 0.00000000e+00 5.85823081e-04 1.17370892e-03
  0.00000000e+00 0.00000000e+00]
 [0.00000000e+00 0.00000000e+00 0.00000000e+00 0.00000000e+00
  2.31347600e-02 0.00000000e+00 0.00000000e+00 4.82394366e-01
  0.00000000e+00 0.00000000e+00]
 [0.00000000e+00 0.00000000e+00 0.00000000e+00 0.00000000e+00
  5.78368999e-04 0.00000000e+00 9.91798477e-01 8.80281690e-04
  0.00000000e+00 0.00000000e+00]
 [0.00000000e+00 0.00000000e+00 0.00000000e+00 6.13496933e-04
  5.78368999e-04 0.00000000e+00 5.85823081e-04 5.10269953e-01
  0.00000000e+00 0.00000000e+00]
 [0.00000000e+00 0.00000000e+00 0.00000000e+00 0.00000000e+00
  5.78368999e-04 0.00000000e+00 1.75746924e-03 1.17370892e-03
  9.98213222e-01 0.00000000e+00]
 [0.00000000e+00 0.00000000e+00 0.00000000e+00 0.00000000e+00
  5.78368999e-04 0.00000000e+00 1.75746924e-03 1.17370892e-03
  1.78677784e-03 9.99416229e-01]]
matrix:[[9.99410725e-01 0.00000000e+00 0.00000000e+00 0.00000000e+00
  0.00000000e+00 6.01322910e-04 5.95592615e-04 0.00000000e+00
  0.00000000e+00 5.68504832e-04]
 [0.00000000e+00 1.00000000e+00 0.00000000e+00 0.00000000e+00
  0.00000000e+00 0.00000000e+00 5.95592615e-04 0.00000000e+00
  0.00000000e+00 0.00000000e+00]
 [0.00000000e+00 0.00000000e+00 1.00000000e+00 0.00000000e+00
  0.00000000e+00 0.00000000e+00 5.95592615e-04 0.00000000e+00
  0.00000000e+00 0.00000000e+00]
 [0.00000000e+00 0.00000000e+00 0.00000000e+00 9.98831093e-01
  0.00000000e+00 6.01322910e-04 1.19118523e-03 0.00000000e+00
  0.00000000e+00 1.70551450e-03]
 [0.00000000e+00 0.00000000e+00 0.00000000e+00 0.00000000e+00
  9.95274660e-01 0.00000000e+00 1.19118523e-03 0.00000000e+00
  0.00000000e+00 0.00000000e+00]
 [0.00000000e+00 0.00000000e+00 0.00000000e+00 0.00000000e+00
  5.90667454e-04 9.98196031e-01 5.95592615e-04 0.00000000e+00
  0.00000000e+00 0.00000000e+00]
 [0.00000000e+00 0.00000000e+00 0.00000000e+00 0.00000000e+00
  5.90667454e-04 0.00000000e+00 9.91066111e-01 5.99880024e-04
  0.00000000e+00 0.00000000e+00]
 [0.00000000e+00 0.00000000e+00 0.00000000e+00 5.84453536e-04
  2.95333727e-03 0.00000000e+00 5.95592615e-04 9.99400120e-01
  0.00000000e+00 0.00000000e+00]
 [5.89275192e-04 0.00000000e+00 0.00000000e+00 0.00000000e+00
  0.00000000e+00 6.01322910e-04 1.19118523e-03 0.00000000e+00
  1.00000000e+00 1.70551450e-03]
 [0.00000000e+00 0.00000000e+00 0.00000000e+00 5.84453536e-04
  5.90667454e-04 0.00000000e+00 2.38237046e-03 0.00000000e+00
  0.00000000e+00 9.96020466e-01]]
matrix:[[0.00000000e+00 0.00000000e+00 0.00000000e+00 0.00000000e+00
  0.00000000e+00 0.00000000e+00 2.88018433e-03 0.00000000e+00
  5.01186240e-01 0.00000000e+00]
 [0.00000000e+00 1.00000000e+00 0.00000000e+00 0.00000000e+00
  0.00000000e+00 0.00000000e+00 1.72811060e-03 0.00000000e+00
  0.00000000e+00 0.00000000e+00]
 [0.00000000e+00 0.00000000e+00 1.00000000e+00 0.00000000e+00
  0.00000000e+00 0.00000000e+00 5.76036866e-04 0.00000000e+00
  0.00000000e+00 0.00000000e+00]
 [0.00000000e+00 0.00000000e+00 0.00000000e+00 1.00000000e+00
  0.00000000e+00 0.00000000e+00 1.15207373e-03 0.00000000e+00
  1.48279953e-03 0.00000000e+00]
 [0.00000000e+00 0.00000000e+00 0.00000000e+00 0.00000000e+00
  9.97094712e-01 0.00000000e+00 1.72811060e-03 0.00000000e+00
  5.93119810e-04 0.00000000e+00]
 [0.00000000e+00 0.00000000e+00 0.00000000e+00 0.00000000e+00
  0.00000000e+00 1.00000000e+00 2.30414747e-03 0.00000000e+00
  0.00000000e+00 0.00000000e+00]
 [0.00000000e+00 0.00000000e+00 0.00000000e+00 0.00000000e+00
  0.00000000e+00 0.00000000e+00 9.83294931e-01 0.00000000e+00
  0.00000000e+00 0.00000000e+00]
 [0.00000000e+00 0.00000000e+00 0.00000000e+00 0.00000000e+00
  2.90528762e-03 0.00000000e+00 2.88018433e-03 1.00000000e+00
  0.00000000e+00 0.00000000e+00]
 [0.00000000e+00 0.00000000e+00 0.00000000e+00 0.00000000e+00
  0.00000000e+00 0.00000000e+00 1.72811060e-03 0.00000000e+00
  4.95255042e-01 0.00000000e+00]
 [0.00000000e+00 0.00000000e+00 0.00000000e+00 0.00000000e+00
  0.00000000e+00 0.00000000e+00 1.72811060e-03 0.00000000e+00
  1.48279953e-03 1.00000000e+00]]
matrix:[[1.00000000e+00 0.00000000e+00 0.00000000e+00 1.79211470e-03
  0.00000000e+00 0.00000000e+00 0.00000000e+00 0.00000000e+00
  2.83607487e-03 0.00000000e+00]
 [0.00000000e+00 1.00000000e+00 0.00000000e+00 5.97371565e-04
  0.00000000e+00 0.00000000e+00 0.00000000e+00 0.00000000e+00
  1.70164492e-03 0.00000000e+00]
 [0.00000000e+00 0.00000000e+00 1.00000000e+00 0.00000000e+00
  0.00000000e+00 0.00000000e+00 0.00000000e+00 0.00000000e+00
  2.26885990e-03 0.00000000e+00]
 [0.00000000e+00 0.00000000e+00 0.00000000e+00 9.92831541e-01
  0.00000000e+00 0.00000000e+00 0.00000000e+00 0.00000000e+00
  1.13442995e-03 0.00000000e+00]
 [0.00000000e+00 0.00000000e+00 0.00000000e+00 0.00000000e+00
  1.00000000e+00 0.00000000e+00 0.00000000e+00 1.19047619e-03
  3.97050482e-03 0.00000000e+00]
 [0.00000000e+00 0.00000000e+00 0.00000000e+00 0.00000000e+00
  0.00000000e+00 1.00000000e+00 0.00000000e+00 0.00000000e+00
  1.70164492e-03 0.00000000e+00]
 [0.00000000e+00 0.00000000e+00 0.00000000e+00 5.97371565e-04
  0.00000000e+00 0.00000000e+00 1.00000000e+00 0.00000000e+00
  2.83607487e-03 0.00000000e+00]
 [0.00000000e+00 0.00000000e+00 0.00000000e+00 0.00000000e+00
  0.00000000e+00 0.00000000e+00 0.00000000e+00 9.98809524e-01
  2.83607487e-03 0.00000000e+00]
 [0.00000000e+00 0.00000000e+00 0.00000000e+00 2.38948626e-03
  0.00000000e+00 0.00000000e+00 0.00000000e+00 0.00000000e+00
  9.78445831e-01 0.00000000e+00]
 [0.00000000e+00 0.00000000e+00 0.00000000e+00 1.79211470e-03
  0.00000000e+00 0.00000000e+00 0.00000000e+00 0.00000000e+00
  2.26885990e-03 1.00000000e+00]]
matrix:[[1.00000000e+00 0.00000000e+00 0.00000000e+00 0.00000000e+00
  0.00000000e+00 0.00000000e+00 0.00000000e+00 0.00000000e+00
  3.41685649e-03 0.00000000e+00]
 [0.00000000e+00 9.99418942e-01 0.00000000e+00 0.00000000e+00
  0.00000000e+00 0.00000000e+00 0.00000000e+00 0.00000000e+00
  2.84738041e-03 0.00000000e+00]
 [0.00000000e+00 0.00000000e+00 1.00000000e+00 0.00000000e+00
  0.00000000e+00 0.00000000e+00 0.00000000e+00 0.00000000e+00
  5.69476082e-04 0.00000000e+00]
 [0.00000000e+00 0.00000000e+00 0.00000000e+00 1.00000000e+00
  0.00000000e+00 0.00000000e+00 0.00000000e+00 0.00000000e+00
  3.98633257e-03 0.00000000e+00]
 [0.00000000e+00 0.00000000e+00 0.00000000e+00 0.00000000e+00
  1.00000000e+00 0.00000000e+00 0.00000000e+00 0.00000000e+00
  3.98633257e-03 0.00000000e+00]
 [0.00000000e+00 5.81057525e-04 0.00000000e+00 0.00000000e+00
  0.00000000e+00 1.00000000e+00 0.00000000e+00 0.00000000e+00
  1.70842825e-03 0.00000000e+00]
 [0.00000000e+00 0.00000000e+00 0.00000000e+00 0.00000000e+00
  0.00000000e+00 0.00000000e+00 1.00000000e+00 6.02046960e-04
  3.98633257e-03 0.00000000e+00]
 [0.00000000e+00 0.00000000e+00 0.00000000e+00 0.00000000e+00
  0.00000000e+00 0.00000000e+00 0.00000000e+00 9.99397953e-01
  2.84738041e-03 0.00000000e+00]
 [0.00000000e+00 0.00000000e+00 0.00000000e+00 0.00000000e+00
  0.00000000e+00 0.00000000e+00 0.00000000e+00 0.00000000e+00
  9.70956720e-01 0.00000000e+00]
 [0.00000000e+00 0.00000000e+00 0.00000000e+00 0.00000000e+00
  0.00000000e+00 0.00000000e+00 0.00000000e+00 0.00000000e+00
  5.69476082e-03 1.00000000e+00]]
matrix:[[2.49778696e-01 0.00000000e+00 0.00000000e+00 3.86174937e-04
  0.00000000e+00 0.00000000e+00 1.15207373e-03 0.00000000e+00
  0.00000000e+00 0.00000000e+00]
 [0.00000000e+00 0.00000000e+00 0.00000000e+00 3.40027032e-01
  0.00000000e+00 0.00000000e+00 0.00000000e+00 0.00000000e+00
  0.00000000e+00 0.00000000e+00]
 [0.00000000e+00 0.00000000e+00 1.00000000e+00 9.65437343e-04
  0.00000000e+00 0.00000000e+00 5.76036866e-04 0.00000000e+00
  0.00000000e+00 0.00000000e+00]
 [2.50958985e-01 0.00000000e+00 0.00000000e+00 7.72349874e-04
  0.00000000e+00 0.00000000e+00 1.72811060e-03 0.00000000e+00
  0.00000000e+00 0.00000000e+00]
 [2.50073768e-01 0.00000000e+00 0.00000000e+00 9.65437343e-04
  0.00000000e+00 0.00000000e+00 0.00000000e+00 0.00000000e+00
  0.00000000e+00 0.00000000e+00]
 [0.00000000e+00 0.00000000e+00 0.00000000e+00 3.25738560e-01
  0.00000000e+00 0.00000000e+00 0.00000000e+00 0.00000000e+00
  0.00000000e+00 0.00000000e+00]
 [0.00000000e+00 0.00000000e+00 0.00000000e+00 1.93087469e-04
  0.00000000e+00 0.00000000e+00 9.56797235e-01 0.00000000e+00
  0.00000000e+00 0.00000000e+00]
 [0.00000000e+00 0.00000000e+00 0.00000000e+00 1.93087469e-03
  0.00000000e+00 0.00000000e+00 3.85944700e-02 1.00000000e+00
  0.00000000e+00 0.00000000e+00]
 [2.48450870e-01 0.00000000e+00 0.00000000e+00 1.15852481e-03
  0.00000000e+00 0.00000000e+00 1.15207373e-03 0.00000000e+00
  0.00000000e+00 0.00000000e+00]
 [7.37680732e-04 0.00000000e+00 0.00000000e+00 3.27862522e-01
  0.00000000e+00 0.00000000e+00 0.00000000e+00 0.00000000e+00
  0.00000000e+00 0.00000000e+00]]
matrix:[[1.00000000e+00 0.00000000e+00 0.00000000e+00 2.91036088e-03
  0.00000000e+00 0.00000000e+00 0.00000000e+00 0.00000000e+00
  0.00000000e+00 0.00000000e+00]
 [0.00000000e+00 1.00000000e+00 0.00000000e+00 1.16414435e-03
  0.00000000e+00 5.82072177e-04 0.00000000e+00 0.00000000e+00
  0.00000000e+00 0.00000000e+00]
 [0.00000000e+00 0.00000000e+00 1.00000000e+00 5.82072177e-04
  0.00000000e+00 0.00000000e+00 0.00000000e+00 0.00000000e+00
  0.00000000e+00 0.00000000e+00]
 [0.00000000e+00 0.00000000e+00 0.00000000e+00 9.74970896e-01
  0.00000000e+00 5.82072177e-04 0.00000000e+00 0.00000000e+00
  0.00000000e+00 0.00000000e+00]
 [0.00000000e+00 0.00000000e+00 0.00000000e+00 5.23864959e-03
  1.00000000e+00 5.82072177e-04 0.00000000e+00 0.00000000e+00
  0.00000000e+00 0.00000000e+00]
 [0.00000000e+00 0.00000000e+00 0.00000000e+00 2.32828871e-03
  0.00000000e+00 9.97671711e-01 0.00000000e+00 0.00000000e+00
  0.00000000e+00 0.00000000e+00]
 [0.00000000e+00 0.00000000e+00 0.00000000e+00 1.16414435e-03
  0.00000000e+00 0.00000000e+00 1.00000000e+00 0.00000000e+00
  0.00000000e+00 0.00000000e+00]
 [0.00000000e+00 0.00000000e+00 0.00000000e+00 4.07450524e-03
  0.00000000e+00 0.00000000e+00 0.00000000e+00 1.00000000e+00
  0.00000000e+00 0.00000000e+00]
 [0.00000000e+00 0.00000000e+00 0.00000000e+00 4.65657742e-03
  0.00000000e+00 5.82072177e-04 0.00000000e+00 0.00000000e+00
  1.00000000e+00 0.00000000e+00]
 [0.00000000e+00 0.00000000e+00 0.00000000e+00 2.91036088e-03
  0.00000000e+00 0.00000000e+00 0.00000000e+00 0.00000000e+00
  0.00000000e+00 1.00000000e+00]]
