matrix:[[0.9982548  0.         0.         ... 0.         0.         0.        ]
 [0.         0.49606529 0.         ... 0.         0.         0.        ]
 [0.         0.         0.51173151 ... 0.         0.         0.        ]
 ...
 [0.         0.         0.         ... 0.         0.14285714 0.        ]
 [0.         0.         0.         ... 0.         0.04761905 0.        ]
 [0.         0.         0.         ... 0.         0.         0.51514252]]
matrix:[[1. 0. 0. ... 0. 0. 0.]
 [0. 0. 0. ... 0. 0. 0.]
 [0. 0. 0. ... 0. 0. 0.]
 ...
 [0. 0. 0. ... 0. 0. 0.]
 [0. 0. 0. ... 0. 0. 0.]
 [0. 0. 0. ... 0. 0. 0.]]
matrix:[[9.99389872e-01 0.00000000e+00 0.00000000e+00 ... 0.00000000e+00
  0.00000000e+00 0.00000000e+00]
 [0.00000000e+00 1.00000000e+00 0.00000000e+00 ... 0.00000000e+00
  0.00000000e+00 0.00000000e+00]
 [0.00000000e+00 0.00000000e+00 0.00000000e+00 ... 0.00000000e+00
  0.00000000e+00 0.00000000e+00]
 ...
 [0.00000000e+00 0.00000000e+00 0.00000000e+00 ... 0.00000000e+00
  0.00000000e+00 5.85994726e-04]
 [0.00000000e+00 0.00000000e+00 0.00000000e+00 ... 0.00000000e+00
  1.00000000e+00 0.00000000e+00]
 [0.00000000e+00 0.00000000e+00 0.00000000e+00 ... 0.00000000e+00
  0.00000000e+00 2.46996777e-01]]
