matrix:[[1.00000000e+00 0.00000000e+00 0.00000000e+00 ... 0.00000000e+00
  0.00000000e+00 9.85221675e-04]
 [0.00000000e+00 4.97086247e-01 0.00000000e+00 ... 0.00000000e+00
  0.00000000e+00 1.47783251e-03]
 [0.00000000e+00 0.00000000e+00 1.00000000e+00 ... 0.00000000e+00
  0.00000000e+00 1.97044335e-03]
 ...
 [0.00000000e+00 0.00000000e+00 0.00000000e+00 ... 1.00000000e+00
  0.00000000e+00 3.44827586e-03]
 [0.00000000e+00 0.00000000e+00 0.00000000e+00 ... 0.00000000e+00
  1.00000000e+00 3.94088670e-03]
 [0.00000000e+00 0.00000000e+00 0.00000000e+00 ... 0.00000000e+00
  0.00000000e+00 8.63546798e-01]]
matrix:[[0.99248555 0.         0.         ... 0.         0.         0.        ]
 [0.         0.50262697 0.         ... 0.         0.         0.        ]
 [0.         0.         1.         ... 0.         0.         0.        ]
 ...
 [0.         0.         0.         ... 0.         0.         0.        ]
 [0.         0.         0.         ... 0.         0.99941038 0.        ]
 [0.         0.         0.         ... 0.         0.         0.48910773]]
matrix:[[0.98270893 0.         0.         ... 0.         0.         0.        ]
 [0.         1.         0.         ... 0.         0.         0.        ]
 [0.         0.         0.51588502 ... 0.         0.         0.        ]
 ...
 [0.         0.         0.         ... 0.99651163 0.         0.        ]
 [0.         0.         0.         ... 0.         1.         0.        ]
 [0.         0.         0.         ... 0.         0.         0.125     ]]
matrix:[[0.50072108 0.         0.         ... 0.         0.         0.        ]
 [0.         0.         0.         ... 0.         0.         0.        ]
 [0.         0.         1.         ... 0.         0.         0.        ]
 ...
 [0.         0.         0.         ... 0.9976429  0.         0.        ]
 [0.         0.         0.         ... 0.         1.         0.        ]
 [0.         0.         0.         ... 0.         0.         1.        ]]
matrix:[[7.95637743e-01 0.00000000e+00 0.00000000e+00 ... 0.00000000e+00
  0.00000000e+00 0.00000000e+00]
 [0.00000000e+00 0.00000000e+00 1.77409817e-03 ... 0.00000000e+00
  0.00000000e+00 0.00000000e+00]
 [0.00000000e+00 0.00000000e+00 9.77528090e-01 ... 0.00000000e+00
  0.00000000e+00 0.00000000e+00]
 ...
 [4.74158369e-04 0.00000000e+00 0.00000000e+00 ... 1.00000000e+00
  0.00000000e+00 4.43852641e-04]
 [0.00000000e+00 0.00000000e+00 0.00000000e+00 ... 0.00000000e+00
  3.20175439e-01 0.00000000e+00]
 [0.00000000e+00 0.00000000e+00 5.91366056e-04 ... 0.00000000e+00
  0.00000000e+00 3.06924101e-01]]
matrix:[[1.00000000e+00 0.00000000e+00 0.00000000e+00 ... 0.00000000e+00
  0.00000000e+00 0.00000000e+00]
 [0.00000000e+00 9.94952328e-01 0.00000000e+00 ... 0.00000000e+00
  0.00000000e+00 0.00000000e+00]
 [0.00000000e+00 0.00000000e+00 9.76359338e-01 ... 0.00000000e+00
  0.00000000e+00 0.00000000e+00]
 ...
 [0.00000000e+00 1.12170499e-03 5.91016548e-04 ... 1.00000000e+00
  0.00000000e+00 0.00000000e+00]
 [0.00000000e+00 0.00000000e+00 0.00000000e+00 ... 0.00000000e+00
  1.00000000e+00 0.00000000e+00]
 [0.00000000e+00 0.00000000e+00 0.00000000e+00 ... 0.00000000e+00
  0.00000000e+00 0.00000000e+00]]
matrix:[[0.78992395 0.         0.         ... 0.         0.         0.        ]
 [0.         1.         0.         ... 0.         0.         0.        ]
 [0.         0.         1.         ... 0.         0.         0.        ]
 ...
 [0.         0.         0.         ... 1.         0.         0.        ]
 [0.         0.         0.         ... 0.         1.         0.        ]
 [0.         0.         0.         ... 0.         0.         1.        ]]
matrix:[[0.99940828 0.         0.         ... 0.         0.         0.        ]
 [0.         0.99824047 0.         ... 0.         0.         0.        ]
 [0.         0.         0.996456   ... 0.         0.         0.        ]
 ...
 [0.         0.         0.         ... 1.         0.         0.        ]
 [0.         0.         0.         ... 0.         0.99940191 0.        ]
 [0.         0.         0.         ... 0.         0.         0.99941107]]
matrix:[[0.99765533 0.         0.         ... 0.         0.         0.        ]
 [0.         0.9625     0.         ... 0.         0.         0.        ]
 [0.         0.         1.         ... 0.         0.         0.        ]
 ...
 [0.         0.         0.         ... 0.         0.         0.        ]
 [0.         0.00397727 0.         ... 0.         1.         0.        ]
 [0.         0.00284091 0.         ... 0.         0.         0.99704841]]
matrix:[[1. 0. 0. ... 0. 0. 0.]
 [0. 0. 0. ... 0. 0. 0.]
 [0. 0. 1. ... 0. 0. 0.]
 ...
 [0. 0. 0. ... 0. 0. 0.]
 [0. 0. 0. ... 0. 0. 0.]
 [0. 0. 0. ... 0. 0. 0.]]
