matrix:[[0.         0.         0.         0.         0.         0.
  0.         0.         0.         0.09905882]
 [0.         0.         0.         0.         0.         0.
  0.         0.         0.         0.10194118]
 [0.         0.         0.         0.         0.         0.
  0.         0.         0.         0.10164706]
 [0.         0.         0.         0.         0.         0.
  0.         0.         0.         0.098     ]
 [0.         0.         0.         0.         0.         0.
  0.         0.         0.         0.099     ]
 [0.         0.         0.         0.         0.         0.
  0.         0.         0.         0.09923529]
 [0.         0.         0.         0.         0.         0.
  0.         0.         0.         0.10052941]
 [0.         0.         0.         0.         0.         0.
  0.         0.         0.         0.09805882]
 [0.         0.         0.         0.         0.         0.
  0.         0.         0.         0.09864706]
 [0.         0.         0.         0.         0.         0.
  0.         0.         0.         0.10388235]]
matrix:[[0.         0.         0.         0.         0.         0.09982353
  0.         0.         0.         0.        ]
 [0.         0.         0.         0.         0.         0.09988235
  0.         0.         0.         0.        ]
 [0.         0.         0.         0.         0.         0.09682353
  0.         0.         0.         0.        ]
 [0.         0.         0.         0.         0.         0.09952941
  0.         0.         0.         0.        ]
 [0.         0.         0.         0.         0.         0.10282353
  0.         0.         0.         0.        ]
 [0.         0.         0.         0.         0.         0.10082353
  0.         0.         0.         0.        ]
 [0.         0.         0.         0.         0.         0.09964706
  0.         0.         0.         0.        ]
 [0.         0.         0.         0.         0.         0.10023529
  0.         0.         0.         0.        ]
 [0.         0.         0.         0.         0.         0.09911765
  0.         0.         0.         0.        ]
 [0.         0.         0.         0.         0.         0.10129412
  0.         0.         0.         0.        ]]
matrix:[[0.         0.         0.         0.         0.         0.
  0.10023529 0.         0.         0.        ]
 [0.         0.         0.         0.         0.         0.
  0.09705882 0.         0.         0.        ]
 [0.         0.         0.         0.         0.         0.
  0.10264706 0.         0.         0.        ]
 [0.         0.         0.         0.         0.         0.
  0.09852941 0.         0.         0.        ]
 [0.         0.         0.         0.         0.         0.
  0.10611765 0.         0.         0.        ]
 [0.         0.         0.         0.         0.         0.
  0.10229412 0.         0.         0.        ]
 [0.         0.         0.         0.         0.         0.
  0.09976471 0.         0.         0.        ]
 [0.         0.         0.         0.         0.         0.
  0.09894118 0.         0.         0.        ]
 [0.         0.         0.         0.         0.         0.
  0.09652941 0.         0.         0.        ]
 [0.         0.         0.         0.         0.         0.
  0.09788235 0.         0.         0.        ]]
matrix:[[0.10194118 0.         0.         0.         0.         0.
  0.         0.         0.         0.        ]
 [0.09958824 0.         0.         0.         0.         0.
  0.         0.         0.         0.        ]
 [0.10023529 0.         0.         0.         0.         0.
  0.         0.         0.         0.        ]
 [0.10188235 0.         0.         0.         0.         0.
  0.         0.         0.         0.        ]
 [0.09852941 0.         0.         0.         0.         0.
  0.         0.         0.         0.        ]
 [0.10035294 0.         0.         0.         0.         0.
  0.         0.         0.         0.        ]
 [0.09876471 0.         0.         0.         0.         0.
  0.         0.         0.         0.        ]
 [0.09952941 0.         0.         0.         0.         0.
  0.         0.         0.         0.        ]
 [0.09652941 0.         0.         0.         0.         0.
  0.         0.         0.         0.        ]
 [0.10264706 0.         0.         0.         0.         0.
  0.         0.         0.         0.        ]]
matrix:[[0.         0.         0.         0.         0.         0.
  0.         0.         0.         0.10070588]
 [0.         0.         0.         0.         0.         0.
  0.         0.         0.         0.098     ]
 [0.         0.         0.         0.         0.         0.
  0.         0.         0.         0.09941176]
 [0.         0.         0.         0.         0.         0.
  0.         0.         0.         0.09747059]
 [0.         0.         0.         0.         0.         0.
  0.         0.         0.         0.10170588]
 [0.         0.         0.         0.         0.         0.
  0.         0.         0.         0.098     ]
 [0.         0.         0.         0.         0.         0.
  0.         0.         0.         0.10276471]
 [0.         0.         0.         0.         0.         0.
  0.         0.         0.         0.09735294]
 [0.         0.         0.         0.         0.         0.
  0.         0.         0.         0.102     ]
 [0.         0.         0.         0.         0.         0.
  0.         0.         0.         0.10258824]]
matrix:[[0.         0.         0.         0.         0.         0.
  0.         0.         0.         0.09752941]
 [0.         0.         0.         0.         0.         0.
  0.         0.         0.         0.10047059]
 [0.         0.         0.         0.         0.         0.
  0.         0.         0.         0.10058824]
 [0.         0.         0.         0.         0.         0.
  0.         0.         0.         0.10094118]
 [0.         0.         0.         0.         0.         0.
  0.         0.         0.         0.10070588]
 [0.         0.         0.         0.         0.         0.
  0.         0.         0.         0.09682353]
 [0.         0.         0.         0.         0.         0.
  0.         0.         0.         0.10158824]
 [0.         0.         0.         0.         0.         0.
  0.         0.         0.         0.098     ]
 [0.         0.         0.         0.         0.         0.
  0.         0.         0.         0.10082353]
 [0.         0.         0.         0.         0.         0.
  0.         0.         0.         0.10252941]]
matrix:[[0.         0.         0.         0.         0.09941176 0.
  0.         0.         0.         0.        ]
 [0.         0.         0.         0.         0.10164706 0.
  0.         0.         0.         0.        ]
 [0.         0.         0.         0.         0.09929412 0.
  0.         0.         0.         0.        ]
 [0.         0.         0.         0.         0.09952941 0.
  0.         0.         0.         0.        ]
 [0.         0.         0.         0.         0.10035294 0.
  0.         0.         0.         0.        ]
 [0.         0.         0.         0.         0.098      0.
  0.         0.         0.         0.        ]
 [0.         0.         0.         0.         0.09982353 0.
  0.         0.         0.         0.        ]
 [0.         0.         0.         0.         0.10117647 0.
  0.         0.         0.         0.        ]
 [0.         0.         0.         0.         0.09958824 0.
  0.         0.         0.         0.        ]
 [0.         0.         0.         0.         0.10117647 0.
  0.         0.         0.         0.        ]]
matrix:[[0.         0.10047059 0.         0.         0.         0.
  0.         0.         0.         0.        ]
 [0.         0.10047059 0.         0.         0.         0.
  0.         0.         0.         0.        ]
 [0.         0.10211765 0.         0.         0.         0.
  0.         0.         0.         0.        ]
 [0.         0.10194118 0.         0.         0.         0.
  0.         0.         0.         0.        ]
 [0.         0.09652941 0.         0.         0.         0.
  0.         0.         0.         0.        ]
 [0.         0.10176471 0.         0.         0.         0.
  0.         0.         0.         0.        ]
 [0.         0.09611765 0.         0.         0.         0.
  0.         0.         0.         0.        ]
 [0.         0.09970588 0.         0.         0.         0.
  0.         0.         0.         0.        ]
 [0.         0.10058824 0.         0.         0.         0.
  0.         0.         0.         0.        ]
 [0.         0.10029412 0.         0.         0.         0.
  0.         0.         0.         0.        ]]
matrix:[[0.         0.         0.         0.         0.         0.
  0.         0.         0.10070588 0.        ]
 [0.         0.         0.         0.         0.         0.
  0.         0.         0.09817647 0.        ]
 [0.         0.         0.         0.         0.         0.
  0.         0.         0.10323529 0.        ]
 [0.         0.         0.         0.         0.         0.
  0.         0.         0.10094118 0.        ]
 [0.         0.         0.         0.         0.         0.
  0.         0.         0.09935294 0.        ]
 [0.         0.         0.         0.         0.         0.
  0.         0.         0.10211765 0.        ]
 [0.         0.         0.         0.         0.         0.
  0.         0.         0.09888235 0.        ]
 [0.         0.         0.         0.         0.         0.
  0.         0.         0.10170588 0.        ]
 [0.         0.         0.         0.         0.         0.
  0.         0.         0.09894118 0.        ]
 [0.         0.         0.         0.         0.         0.
  0.         0.         0.09594118 0.        ]]
matrix:[[0.10117647 0.         0.         0.         0.         0.
  0.         0.         0.         0.        ]
 [0.10041176 0.         0.         0.         0.         0.
  0.         0.         0.         0.        ]
 [0.09852941 0.         0.         0.         0.         0.
  0.         0.         0.         0.        ]
 [0.09858824 0.         0.         0.         0.         0.
  0.         0.         0.         0.        ]
 [0.10158824 0.         0.         0.         0.         0.
  0.         0.         0.         0.        ]
 [0.10017647 0.         0.         0.         0.         0.
  0.         0.         0.         0.        ]
 [0.10111765 0.         0.         0.         0.         0.
  0.         0.         0.         0.        ]
 [0.09970588 0.         0.         0.         0.         0.
  0.         0.         0.         0.        ]
 [0.10135294 0.         0.         0.         0.         0.
  0.         0.         0.         0.        ]
 [0.09735294 0.         0.         0.         0.         0.
  0.         0.         0.         0.        ]]
