matrix:[[0.00000000e+00 0.00000000e+00 0.00000000e+00 0.00000000e+00
  0.00000000e+00 1.22194330e-01 0.00000000e+00 0.00000000e+00
  0.00000000e+00 0.00000000e+00]
 [0.00000000e+00 0.00000000e+00 0.00000000e+00 0.00000000e+00
  0.00000000e+00 1.25590667e-01 0.00000000e+00 0.00000000e+00
  0.00000000e+00 0.00000000e+00]
 [0.00000000e+00 0.00000000e+00 1.00000000e+00 0.00000000e+00
  0.00000000e+00 8.86001181e-04 0.00000000e+00 0.00000000e+00
  0.00000000e+00 0.00000000e+00]
 [0.00000000e+00 0.00000000e+00 0.00000000e+00 0.00000000e+00
  0.00000000e+00 1.25369167e-01 0.00000000e+00 0.00000000e+00
  0.00000000e+00 0.00000000e+00]
 [0.00000000e+00 0.00000000e+00 0.00000000e+00 0.00000000e+00
  0.00000000e+00 1.25295334e-01 0.00000000e+00 0.00000000e+00
  0.00000000e+00 0.00000000e+00]
 [0.00000000e+00 0.00000000e+00 0.00000000e+00 0.00000000e+00
  0.00000000e+00 1.24556999e-01 0.00000000e+00 0.00000000e+00
  0.00000000e+00 0.00000000e+00]
 [0.00000000e+00 0.00000000e+00 0.00000000e+00 0.00000000e+00
  0.00000000e+00 1.26402835e-01 0.00000000e+00 0.00000000e+00
  0.00000000e+00 0.00000000e+00]
 [0.00000000e+00 0.00000000e+00 0.00000000e+00 0.00000000e+00
  0.00000000e+00 2.95333727e-04 0.00000000e+00 1.00000000e+00
  0.00000000e+00 0.00000000e+00]
 [0.00000000e+00 0.00000000e+00 0.00000000e+00 0.00000000e+00
  0.00000000e+00 1.24113999e-01 0.00000000e+00 0.00000000e+00
  0.00000000e+00 0.00000000e+00]
 [0.00000000e+00 0.00000000e+00 0.00000000e+00 0.00000000e+00
  0.00000000e+00 1.25295334e-01 0.00000000e+00 0.00000000e+00
  0.00000000e+00 0.00000000e+00]]
matrix:[[0.         0.12551867 0.         0.         0.         0.
  0.         0.         0.00199772 0.        ]
 [0.         0.12781565 0.         0.         0.         0.
  0.         0.         0.00228311 0.        ]
 [0.         0.12566686 0.         0.         0.         0.
  0.         0.         0.00228311 0.        ]
 [0.         0.12729698 0.         0.         0.         0.
  0.         0.         0.00371005 0.        ]
 [0.         0.1230735  0.         0.         0.         0.
  0.         0.         0.00114155 0.        ]
 [0.         0.12574096 0.         0.         0.         0.
  0.         0.         0.00171233 0.        ]
 [0.         0.         0.         0.         0.         0.
  0.         0.         0.4902968  0.        ]
 [0.         0.         0.         0.         0.         0.
  0.         0.         0.4928653  0.        ]
 [0.         0.12144339 0.         0.         0.         0.
  0.         0.         0.00171233 0.        ]
 [0.         0.12344398 0.         0.         0.         0.
  0.         0.         0.00199772 0.        ]]
matrix:[[0.00000000e+00 0.00000000e+00 0.00000000e+00 0.00000000e+00
  0.00000000e+00 0.00000000e+00 1.23662658e-01 0.00000000e+00
  0.00000000e+00 0.00000000e+00]
 [0.00000000e+00 0.00000000e+00 0.00000000e+00 0.00000000e+00
  0.00000000e+00 0.00000000e+00 1.24916993e-01 0.00000000e+00
  0.00000000e+00 0.00000000e+00]
 [0.00000000e+00 0.00000000e+00 1.00000000e+00 0.00000000e+00
  0.00000000e+00 0.00000000e+00 8.11628422e-04 0.00000000e+00
  0.00000000e+00 0.00000000e+00]
 [0.00000000e+00 0.00000000e+00 0.00000000e+00 0.00000000e+00
  0.00000000e+00 0.00000000e+00 1.24031580e-01 0.00000000e+00
  0.00000000e+00 0.00000000e+00]
 [0.00000000e+00 0.00000000e+00 0.00000000e+00 0.00000000e+00
  0.00000000e+00 0.00000000e+00 1.24031580e-01 0.00000000e+00
  0.00000000e+00 0.00000000e+00]
 [0.00000000e+00 0.00000000e+00 0.00000000e+00 0.00000000e+00
  0.00000000e+00 0.00000000e+00 1.26318896e-01 0.00000000e+00
  0.00000000e+00 0.00000000e+00]
 [0.00000000e+00 0.00000000e+00 0.00000000e+00 0.00000000e+00
  0.00000000e+00 0.00000000e+00 1.27720800e-01 5.74712644e-04
  0.00000000e+00 0.00000000e+00]
 [0.00000000e+00 0.00000000e+00 0.00000000e+00 0.00000000e+00
  0.00000000e+00 0.00000000e+00 2.95137608e-04 9.99425287e-01
  0.00000000e+00 0.00000000e+00]
 [0.00000000e+00 0.00000000e+00 0.00000000e+00 0.00000000e+00
  0.00000000e+00 0.00000000e+00 1.25728621e-01 0.00000000e+00
  0.00000000e+00 0.00000000e+00]
 [0.00000000e+00 0.00000000e+00 0.00000000e+00 0.00000000e+00
  0.00000000e+00 0.00000000e+00 1.22482107e-01 0.00000000e+00
  0.00000000e+00 0.00000000e+00]]
matrix:[[0.         0.         0.         0.         0.         0.
  0.09752941 0.         0.         0.        ]
 [0.         0.         0.         0.         0.         0.
  0.10123529 0.         0.         0.        ]
 [0.         0.         0.         0.         0.         0.
  0.10029412 0.         0.         0.        ]
 [0.         0.         0.         0.         0.         0.
  0.10029412 0.         0.         0.        ]
 [0.         0.         0.         0.         0.         0.
  0.09935294 0.         0.         0.        ]
 [0.         0.         0.         0.         0.         0.
  0.10135294 0.         0.         0.        ]
 [0.         0.         0.         0.         0.         0.
  0.09847059 0.         0.         0.        ]
 [0.         0.         0.         0.         0.         0.
  0.10017647 0.         0.         0.        ]
 [0.         0.         0.         0.         0.         0.
  0.10129412 0.         0.         0.        ]
 [0.         0.         0.         0.         0.         0.
  0.1        0.         0.         0.        ]]
matrix:[[4.99713467e-01 0.00000000e+00 0.00000000e+00 0.00000000e+00
  0.00000000e+00 0.00000000e+00 0.00000000e+00 0.00000000e+00
  0.00000000e+00 0.00000000e+00]
 [4.88252149e-01 0.00000000e+00 0.00000000e+00 0.00000000e+00
  0.00000000e+00 0.00000000e+00 0.00000000e+00 0.00000000e+00
  0.00000000e+00 0.00000000e+00]
 [2.00573066e-03 0.00000000e+00 1.00000000e+00 0.00000000e+00
  0.00000000e+00 2.93255132e-03 5.80383053e-04 0.00000000e+00
  0.00000000e+00 0.00000000e+00]
 [1.14613181e-03 0.00000000e+00 0.00000000e+00 1.00000000e+00
  0.00000000e+00 0.00000000e+00 5.80383053e-04 0.00000000e+00
  0.00000000e+00 0.00000000e+00]
 [1.71919771e-03 0.00000000e+00 0.00000000e+00 0.00000000e+00
  4.86295314e-01 0.00000000e+00 5.80383053e-04 0.00000000e+00
  0.00000000e+00 0.00000000e+00]
 [1.14613181e-03 0.00000000e+00 0.00000000e+00 0.00000000e+00
  0.00000000e+00 9.97067449e-01 0.00000000e+00 0.00000000e+00
  0.00000000e+00 0.00000000e+00]
 [1.14613181e-03 0.00000000e+00 0.00000000e+00 0.00000000e+00
  0.00000000e+00 0.00000000e+00 9.97098085e-01 0.00000000e+00
  0.00000000e+00 0.00000000e+00]
 [2.57879656e-03 0.00000000e+00 0.00000000e+00 0.00000000e+00
  0.00000000e+00 0.00000000e+00 0.00000000e+00 1.00000000e+00
  0.00000000e+00 0.00000000e+00]
 [1.43266476e-03 0.00000000e+00 0.00000000e+00 0.00000000e+00
  5.13704686e-01 0.00000000e+00 5.80383053e-04 0.00000000e+00
  0.00000000e+00 0.00000000e+00]
 [8.59598854e-04 0.00000000e+00 0.00000000e+00 0.00000000e+00
  0.00000000e+00 0.00000000e+00 5.80383053e-04 0.00000000e+00
  0.00000000e+00 1.00000000e+00]]
matrix:[[0.         0.09894118 0.         0.         0.         0.
  0.         0.         0.         0.        ]
 [0.         0.10223529 0.         0.         0.         0.
  0.         0.         0.         0.        ]
 [0.         0.10252941 0.         0.         0.         0.
  0.         0.         0.         0.        ]
 [0.         0.10052941 0.         0.         0.         0.
  0.         0.         0.         0.        ]
 [0.         0.10276471 0.         0.         0.         0.
  0.         0.         0.         0.        ]
 [0.         0.09923529 0.         0.         0.         0.
  0.         0.         0.         0.        ]
 [0.         0.09805882 0.         0.         0.         0.
  0.         0.         0.         0.        ]
 [0.         0.10123529 0.         0.         0.         0.
  0.         0.         0.         0.        ]
 [0.         0.09717647 0.         0.         0.         0.
  0.         0.         0.         0.        ]
 [0.         0.09729412 0.         0.         0.         0.
  0.         0.         0.         0.        ]]
matrix:[[1.21990724e-01 0.00000000e+00 0.00000000e+00 0.00000000e+00
  0.00000000e+00 0.00000000e+00 0.00000000e+00 0.00000000e+00
  0.00000000e+00 0.00000000e+00]
 [1.19561216e-01 0.00000000e+00 2.92654375e-04 0.00000000e+00
  0.00000000e+00 0.00000000e+00 0.00000000e+00 0.00000000e+00
  0.00000000e+00 0.00000000e+00]
 [1.24052124e-01 0.00000000e+00 2.92654375e-04 0.00000000e+00
  0.00000000e+00 0.00000000e+00 0.00000000e+00 0.00000000e+00
  0.00000000e+00 0.00000000e+00]
 [1.27585953e-01 0.00000000e+00 0.00000000e+00 0.00000000e+00
  0.00000000e+00 0.00000000e+00 0.00000000e+00 0.00000000e+00
  0.00000000e+00 0.00000000e+00]
 [1.25303688e-01 0.00000000e+00 2.92654375e-04 0.00000000e+00
  0.00000000e+00 0.00000000e+00 0.00000000e+00 0.00000000e+00
  0.00000000e+00 0.00000000e+00]
 [1.24788338e-01 0.00000000e+00 2.92654375e-04 0.00000000e+00
  0.00000000e+00 0.00000000e+00 0.00000000e+00 0.00000000e+00
  0.00000000e+00 0.00000000e+00]
 [2.94485754e-04 0.00000000e+00 5.00731636e-01 0.00000000e+00
  0.00000000e+00 0.00000000e+00 0.00000000e+00 0.00000000e+00
  0.00000000e+00 0.00000000e+00]
 [7.36214386e-05 0.00000000e+00 4.98097747e-01 0.00000000e+00
  0.00000000e+00 0.00000000e+00 0.00000000e+00 0.00000000e+00
  0.00000000e+00 0.00000000e+00]
 [1.28395789e-01 0.00000000e+00 0.00000000e+00 0.00000000e+00
  0.00000000e+00 0.00000000e+00 0.00000000e+00 0.00000000e+00
  0.00000000e+00 0.00000000e+00]
 [1.27954060e-01 0.00000000e+00 0.00000000e+00 0.00000000e+00
  0.00000000e+00 0.00000000e+00 0.00000000e+00 0.00000000e+00
  0.00000000e+00 0.00000000e+00]]
matrix:[[0.00000000e+00 0.00000000e+00 0.00000000e+00 0.00000000e+00
  0.00000000e+00 0.00000000e+00 0.00000000e+00 1.59323367e-01
  0.00000000e+00 0.00000000e+00]
 [0.00000000e+00 0.00000000e+00 0.00000000e+00 0.00000000e+00
  0.00000000e+00 0.00000000e+00 0.00000000e+00 1.69649882e-01
  0.00000000e+00 0.00000000e+00]
 [0.00000000e+00 7.31850117e-04 0.00000000e+00 0.00000000e+00
  0.00000000e+00 0.00000000e+00 0.00000000e+00 1.67584579e-01
  0.00000000e+00 0.00000000e+00]
 [0.00000000e+00 0.00000000e+00 0.00000000e+00 0.00000000e+00
  0.00000000e+00 0.00000000e+00 0.00000000e+00 1.66109363e-01
  0.00000000e+00 0.00000000e+00]
 [0.00000000e+00 2.54537471e-01 0.00000000e+00 0.00000000e+00
  0.00000000e+00 0.00000000e+00 0.00000000e+00 1.96695515e-04
  0.00000000e+00 0.00000000e+00]
 [0.00000000e+00 2.44877049e-01 0.00000000e+00 0.00000000e+00
  0.00000000e+00 0.00000000e+00 0.00000000e+00 6.88434304e-04
  0.00000000e+00 0.00000000e+00]
 [0.00000000e+00 0.00000000e+00 0.00000000e+00 0.00000000e+00
  0.00000000e+00 0.00000000e+00 0.00000000e+00 1.69256491e-01
  0.00000000e+00 0.00000000e+00]
 [0.00000000e+00 0.00000000e+00 0.00000000e+00 0.00000000e+00
  0.00000000e+00 0.00000000e+00 0.00000000e+00 1.65322581e-01
  0.00000000e+00 0.00000000e+00]
 [0.00000000e+00 2.50146370e-01 0.00000000e+00 0.00000000e+00
  0.00000000e+00 0.00000000e+00 0.00000000e+00 8.85129819e-04
  0.00000000e+00 0.00000000e+00]
 [0.00000000e+00 2.49707260e-01 0.00000000e+00 0.00000000e+00
  0.00000000e+00 0.00000000e+00 0.00000000e+00 9.83477577e-04
  0.00000000e+00 0.00000000e+00]]
matrix:[[0.         0.11217043 0.         0.         0.09090909 0.
  0.         0.         0.         0.        ]
 [0.         0.10980341 0.         0.         0.15151515 0.
  0.         0.         0.         0.        ]
 [0.         0.11138142 0.         0.         0.12121212 0.
  0.         0.         0.         0.        ]
 [0.         0.11355119 0.         0.         0.07575758 0.
  0.         0.         0.         0.        ]
 [0.         0.11151292 0.         0.         0.07575758 0.
  0.         0.         0.         0.        ]
 [0.         0.1091459  0.         0.         0.13636364 0.
  0.         0.         0.         0.        ]
 [0.         0.10947465 0.         0.         0.04545455 0.
  0.         0.         0.         0.        ]
 [0.         0.11295943 0.         0.         0.07575758 0.
  0.         0.         0.         0.        ]
 [1.         0.         0.         0.         0.09090909 0.
  0.         0.         0.         0.        ]
 [0.         0.11000066 0.         0.         0.13636364 0.
  0.         0.         0.         0.        ]]
matrix:[[0.00000000e+00 0.00000000e+00 0.00000000e+00 0.00000000e+00
  0.00000000e+00 0.00000000e+00 0.00000000e+00 0.00000000e+00
  1.98866320e-01 7.03234880e-04]
 [0.00000000e+00 0.00000000e+00 0.00000000e+00 0.00000000e+00
  0.00000000e+00 0.00000000e+00 0.00000000e+00 0.00000000e+00
  2.00519603e-01 8.20440694e-04]
 [0.00000000e+00 0.00000000e+00 0.00000000e+00 0.00000000e+00
  0.00000000e+00 0.00000000e+00 0.00000000e+00 0.00000000e+00
  0.00000000e+00 1.93155180e-01]
 [0.00000000e+00 0.00000000e+00 0.00000000e+00 0.00000000e+00
  0.00000000e+00 0.00000000e+00 0.00000000e+00 0.00000000e+00
  2.00637695e-01 7.03234880e-04]
 [0.00000000e+00 0.00000000e+00 0.00000000e+00 0.00000000e+00
  0.00000000e+00 0.00000000e+00 0.00000000e+00 0.00000000e+00
  1.18091639e-04 2.01125176e-01]
 [0.00000000e+00 0.00000000e+00 0.00000000e+00 0.00000000e+00
  0.00000000e+00 0.00000000e+00 0.00000000e+00 0.00000000e+00
  0.00000000e+00 2.02648851e-01]
 [0.00000000e+00 0.00000000e+00 0.00000000e+00 0.00000000e+00
  0.00000000e+00 0.00000000e+00 0.00000000e+00 0.00000000e+00
  1.96032121e-01 3.51617440e-04]
 [0.00000000e+00 0.00000000e+00 0.00000000e+00 0.00000000e+00
  0.00000000e+00 0.00000000e+00 0.00000000e+00 0.00000000e+00
  2.03826169e-01 4.68823254e-04]
 [0.00000000e+00 0.00000000e+00 0.00000000e+00 0.00000000e+00
  0.00000000e+00 0.00000000e+00 0.00000000e+00 0.00000000e+00
  0.00000000e+00 2.01007970e-01]
 [0.00000000e+00 0.00000000e+00 0.00000000e+00 0.00000000e+00
  0.00000000e+00 0.00000000e+00 0.00000000e+00 0.00000000e+00
  0.00000000e+00 1.99015471e-01]]
