matrix:[[0.         0.         0.10264706 0.         0.         0.
  0.         0.         0.         0.        ]
 [0.         0.         0.09811765 0.         0.         0.
  0.         0.         0.         0.        ]
 [0.         0.         0.10076471 0.         0.         0.
  0.         0.         0.         0.        ]
 [0.         0.         0.10170588 0.         0.         0.
  0.         0.         0.         0.        ]
 [0.         0.         0.09829412 0.         0.         0.
  0.         0.         0.         0.        ]
 [0.         0.         0.10094118 0.         0.         0.
  0.         0.         0.         0.        ]
 [0.         0.         0.09705882 0.         0.         0.
  0.         0.         0.         0.        ]
 [0.         0.         0.10070588 0.         0.         0.
  0.         0.         0.         0.        ]
 [0.         0.         0.09923529 0.         0.         0.
  0.         0.         0.         0.        ]
 [0.         0.         0.10052941 0.         0.         0.
  0.         0.         0.         0.        ]]
matrix:[[0.         0.         0.         0.         0.         0.
  0.10311765 0.         0.         0.        ]
 [0.         0.         0.         0.         0.         0.
  0.10058824 0.         0.         0.        ]
 [0.         0.         0.         0.         0.         0.
  0.10194118 0.         0.         0.        ]
 [0.         0.         0.         0.         0.         0.
  0.098      0.         0.         0.        ]
 [0.         0.         0.         0.         0.         0.
  0.10011765 0.         0.         0.        ]
 [0.         0.         0.         0.         0.         0.
  0.09641176 0.         0.         0.        ]
 [0.         0.         0.         0.         0.         0.
  0.09982353 0.         0.         0.        ]
 [0.         0.         0.         0.         0.         0.
  0.10229412 0.         0.         0.        ]
 [0.         0.         0.         0.         0.         0.
  0.10129412 0.         0.         0.        ]
 [0.         0.         0.         0.         0.         0.
  0.09641176 0.         0.         0.        ]]
matrix:[[0.         0.         0.         0.         0.         0.
  0.         0.         0.09947059 0.        ]
 [0.         0.         0.         0.         0.         0.
  0.         0.         0.10076471 0.        ]
 [0.         0.         0.         0.         0.         0.
  0.         0.         0.09976471 0.        ]
 [0.         0.         0.         0.         0.         0.
  0.         0.         0.09923529 0.        ]
 [0.         0.         0.         0.         0.         0.
  0.         0.         0.09723529 0.        ]
 [0.         0.         0.         0.         0.         0.
  0.         0.         0.10270588 0.        ]
 [0.         0.         0.         0.         0.         0.
  0.         0.         0.09658824 0.        ]
 [0.         0.         0.         0.         0.         0.
  0.         0.         0.10147059 0.        ]
 [0.         0.         0.         0.         0.         0.
  0.         0.         0.09994118 0.        ]
 [0.         0.         0.         0.         0.         0.
  0.         0.         0.10282353 0.        ]]
matrix:[[0.         0.         0.         0.         0.         0.
  0.         0.         0.10070588 0.        ]
 [0.         0.         0.         0.         0.         0.
  0.         0.         0.10011765 0.        ]
 [0.         0.         0.         0.         0.         0.
  0.         0.         0.09829412 0.        ]
 [0.         0.         0.         0.         0.         0.
  0.         0.         0.09841176 0.        ]
 [0.         0.         0.         0.         0.         0.
  0.         0.         0.10094118 0.        ]
 [0.         0.         0.         0.         0.         0.
  0.         0.         0.09817647 0.        ]
 [0.         0.         0.         0.         0.         0.
  0.         0.         0.10188235 0.        ]
 [0.         0.         0.         0.         0.         0.
  0.         0.         0.10164706 0.        ]
 [0.         0.         0.         0.         0.         0.
  0.         0.         0.102      0.        ]
 [0.         0.         0.         0.         0.         0.
  0.         0.         0.09782353 0.        ]]
matrix:[[0.         0.         0.         0.         0.         0.
  0.         0.10164706 0.         0.        ]
 [0.         0.         0.         0.         0.         0.
  0.         0.09835294 0.         0.        ]
 [0.         0.         0.         0.         0.         0.
  0.         0.09788235 0.         0.        ]
 [0.         0.         0.         0.         0.         0.
  0.         0.10223529 0.         0.        ]
 [0.         0.         0.         0.         0.         0.
  0.         0.10294118 0.         0.        ]
 [0.         0.         0.         0.         0.         0.
  0.         0.09982353 0.         0.        ]
 [0.         0.         0.         0.         0.         0.
  0.         0.09876471 0.         0.        ]
 [0.         0.         0.         0.         0.         0.
  0.         0.10052941 0.         0.        ]
 [0.         0.         0.         0.         0.         0.
  0.         0.10005882 0.         0.        ]
 [0.         0.         0.         0.         0.         0.
  0.         0.09776471 0.         0.        ]]
matrix:[[0.         0.         0.         0.         0.         0.
  0.10047059 0.         0.         0.        ]
 [0.         0.         0.         0.         0.         0.
  0.09964706 0.         0.         0.        ]
 [0.         0.         0.         0.         0.         0.
  0.10270588 0.         0.         0.        ]
 [0.         0.         0.         0.         0.         0.
  0.09911765 0.         0.         0.        ]
 [0.         0.         0.         0.         0.         0.
  0.09982353 0.         0.         0.        ]
 [0.         0.         0.         0.         0.         0.
  0.10329412 0.         0.         0.        ]
 [0.         0.         0.         0.         0.         0.
  0.09964706 0.         0.         0.        ]
 [0.         0.         0.         0.         0.         0.
  0.09529412 0.         0.         0.        ]
 [0.         0.         0.         0.         0.         0.
  0.10141176 0.         0.         0.        ]
 [0.         0.         0.         0.         0.         0.
  0.09858824 0.         0.         0.        ]]
matrix:[[0.         0.         0.         0.         0.10158824 0.
  0.         0.         0.         0.        ]
 [0.         0.         0.         0.         0.10064706 0.
  0.         0.         0.         0.        ]
 [0.         0.         0.         0.         0.10023529 0.
  0.         0.         0.         0.        ]
 [0.         0.         0.         0.         0.09835294 0.
  0.         0.         0.         0.        ]
 [0.         0.         0.         0.         0.10111765 0.
  0.         0.         0.         0.        ]
 [0.         0.         0.         0.         0.10070588 0.
  0.         0.         0.         0.        ]
 [0.         0.         0.         0.         0.10147059 0.
  0.         0.         0.         0.        ]
 [0.         0.         0.         0.         0.09794118 0.
  0.         0.         0.         0.        ]
 [0.         0.         0.         0.         0.09852941 0.
  0.         0.         0.         0.        ]
 [0.         0.         0.         0.         0.09941176 0.
  0.         0.         0.         0.        ]]
matrix:[[0.10358824 0.         0.         0.         0.         0.
  0.         0.         0.         0.        ]
 [0.10088235 0.         0.         0.         0.         0.
  0.         0.         0.         0.        ]
 [0.10005882 0.         0.         0.         0.         0.
  0.         0.         0.         0.        ]
 [0.09894118 0.         0.         0.         0.         0.
  0.         0.         0.         0.        ]
 [0.10111765 0.         0.         0.         0.         0.
  0.         0.         0.         0.        ]
 [0.09988235 0.         0.         0.         0.         0.
  0.         0.         0.         0.        ]
 [0.10070588 0.         0.         0.         0.         0.
  0.         0.         0.         0.        ]
 [0.09858824 0.         0.         0.         0.         0.
  0.         0.         0.         0.        ]
 [0.09894118 0.         0.         0.         0.         0.
  0.         0.         0.         0.        ]
 [0.09729412 0.         0.         0.         0.         0.
  0.         0.         0.         0.        ]]
matrix:[[0.         0.         0.         0.         0.         0.
  0.         0.         0.         0.10129412]
 [0.         0.         0.         0.         0.         0.
  0.         0.         0.         0.09705882]
 [0.         0.         0.         0.         0.         0.
  0.         0.         0.         0.10152941]
 [0.         0.         0.         0.         0.         0.
  0.         0.         0.         0.10129412]
 [0.         0.         0.         0.         0.         0.
  0.         0.         0.         0.10176471]
 [0.         0.         0.         0.         0.         0.
  0.         0.         0.         0.10041176]
 [0.         0.         0.         0.         0.         0.
  0.         0.         0.         0.09976471]
 [0.         0.         0.         0.         0.         0.
  0.         0.         0.         0.09947059]
 [0.         0.         0.         0.         0.         0.
  0.         0.         0.         0.09705882]
 [0.         0.         0.         0.         0.         0.
  0.         0.         0.         0.10035294]]
matrix:[[0.         0.         0.         0.         0.         0.
  0.         0.09958824 0.         0.        ]
 [0.         0.         0.         0.         0.         0.
  0.         0.09941176 0.         0.        ]
 [0.         0.         0.         0.         0.         0.
  0.         0.09964706 0.         0.        ]
 [0.         0.         0.         0.         0.         0.
  0.         0.10388235 0.         0.        ]
 [0.         0.         0.         0.         0.         0.
  0.         0.09882353 0.         0.        ]
 [0.         0.         0.         0.         0.         0.
  0.         0.10135294 0.         0.        ]
 [0.         0.         0.         0.         0.         0.
  0.         0.09870588 0.         0.        ]
 [0.         0.         0.         0.         0.         0.
  0.         0.09929412 0.         0.        ]
 [0.         0.         0.         0.         0.         0.
  0.         0.10082353 0.         0.        ]
 [0.         0.         0.         0.         0.         0.
  0.         0.09847059 0.         0.        ]]
