matrix:[[1.         0.         0.         ... 0.         0.         0.        ]
 [0.         1.         0.         ... 0.         0.         0.        ]
 [0.         0.         0.         ... 0.         0.         0.        ]
 ...
 [0.         0.         0.         ... 0.32661842 0.         0.        ]
 [0.         0.         0.         ... 0.         0.         0.        ]
 [0.         0.         0.         ... 0.         0.         0.        ]]
matrix:[[1.         0.         0.         ... 0.         0.         0.        ]
 [0.         1.         0.         ... 0.         0.         0.        ]
 [0.         0.         1.         ... 0.         0.         0.        ]
 ...
 [0.         0.         0.         ... 0.         0.         0.        ]
 [0.         0.         0.         ... 0.         0.50652045 0.        ]
 [0.         0.         0.         ... 0.         0.         1.        ]]
