matrix:[[0. 0. 0. ... 0. 0. 0.]
 [0. 0. 0. ... 0. 0. 0.]
 [0. 0. 0. ... 0. 0. 0.]
 ...
 [0. 0. 0. ... 0. 0. 0.]
 [0. 0. 0. ... 0. 0. 0.]
 [0. 0. 0. ... 0. 0. 0.]]
matrix:[[0. 0. 0. ... 0. 0. 0.]
 [0. 0. 0. ... 0. 0. 0.]
 [0. 0. 0. ... 0. 0. 0.]
 ...
 [0. 0. 0. ... 0. 0. 0.]
 [0. 0. 0. ... 0. 0. 0.]
 [0. 0. 0. ... 0. 0. 0.]]
matrix:[[0.         0.         0.02034118 ... 0.         0.         0.        ]
 [0.         0.         0.01991765 ... 0.         0.         0.        ]
 [0.         0.         0.02049412 ... 0.         0.         0.        ]
 ...
 [0.         0.         0.02016471 ... 0.         0.         0.        ]
 [0.         0.         0.01969412 ... 0.         0.         0.        ]
 [0.         0.         0.01928235 ... 0.         0.         0.        ]]
matrix:[[0. 0. 0. ... 0. 0. 0.]
 [0. 0. 0. ... 0. 0. 0.]
 [0. 0. 0. ... 0. 0. 0.]
 ...
 [0. 0. 0. ... 0. 0. 0.]
 [0. 0. 0. ... 0. 0. 0.]
 [0. 0. 0. ... 0. 0. 0.]]
matrix:[[0. 0. 0. ... 0. 0. 0.]
 [0. 0. 0. ... 0. 0. 0.]
 [0. 0. 0. ... 0. 0. 0.]
 ...
 [0. 0. 0. ... 0. 0. 0.]
 [0. 0. 0. ... 0. 0. 0.]
 [0. 0. 0. ... 0. 0. 0.]]
matrix:[[0. 0. 0. ... 0. 0. 0.]
 [0. 0. 0. ... 0. 0. 0.]
 [0. 0. 0. ... 0. 0. 0.]
 ...
 [0. 0. 0. ... 0. 0. 0.]
 [0. 0. 0. ... 0. 0. 0.]
 [0. 0. 0. ... 0. 0. 0.]]
matrix:[[0. 0. 0. ... 0. 0. 0.]
 [0. 0. 0. ... 0. 0. 0.]
 [0. 0. 0. ... 0. 0. 0.]
 ...
 [0. 0. 0. ... 0. 0. 0.]
 [0. 0. 0. ... 0. 0. 0.]
 [0. 0. 0. ... 0. 0. 0.]]
matrix:[[0.         0.         0.01977647 ... 0.         0.         0.        ]
 [0.         0.         0.0192     ... 0.         0.         0.        ]
 [0.         0.         0.01961176 ... 0.         0.         0.        ]
 ...
 [0.         0.         0.02034118 ... 0.         0.         0.        ]
 [0.         0.         0.01971765 ... 0.         0.         0.        ]
 [0.         0.         0.02063529 ... 0.         0.         0.        ]]
matrix:[[0.         0.         0.         ... 0.01987059 0.         0.        ]
 [0.         0.         0.         ... 0.01971765 0.         0.        ]
 [0.         0.         0.         ... 0.01991765 0.         0.        ]
 ...
 [0.         0.         0.         ... 0.01974118 0.         0.        ]
 [0.         0.         0.         ... 0.01997647 0.         0.        ]
 [0.         0.         0.         ... 0.02087059 0.         0.        ]]
matrix:[[0. 0. 0. ... 0. 0. 0.]
 [0. 0. 0. ... 0. 0. 0.]
 [0. 0. 0. ... 0. 0. 0.]
 ...
 [0. 0. 0. ... 0. 0. 0.]
 [0. 0. 0. ... 0. 0. 0.]
 [0. 0. 0. ... 0. 0. 0.]]
