matrix:[[9.98777506e-01 0.00000000e+00 0.00000000e+00 1.66944908e-03
  0.00000000e+00 0.00000000e+00 0.00000000e+00 0.00000000e+00
  5.95238095e-04 0.00000000e+00]
 [6.11246944e-04 1.00000000e+00 0.00000000e+00 2.78241514e-03
  0.00000000e+00 0.00000000e+00 0.00000000e+00 0.00000000e+00
  0.00000000e+00 0.00000000e+00]
 [0.00000000e+00 0.00000000e+00 1.00000000e+00 1.66944908e-03
  0.00000000e+00 0.00000000e+00 0.00000000e+00 0.00000000e+00
  0.00000000e+00 0.00000000e+00]
 [0.00000000e+00 0.00000000e+00 0.00000000e+00 9.86087924e-01
  0.00000000e+00 0.00000000e+00 0.00000000e+00 0.00000000e+00
  0.00000000e+00 0.00000000e+00]
 [0.00000000e+00 0.00000000e+00 0.00000000e+00 5.56483027e-04
  9.97585999e-01 0.00000000e+00 0.00000000e+00 0.00000000e+00
  0.00000000e+00 0.00000000e+00]
 [6.11246944e-04 0.00000000e+00 0.00000000e+00 2.22593211e-03
  0.00000000e+00 1.00000000e+00 0.00000000e+00 0.00000000e+00
  0.00000000e+00 0.00000000e+00]
 [0.00000000e+00 0.00000000e+00 0.00000000e+00 5.56483027e-04
  0.00000000e+00 0.00000000e+00 1.00000000e+00 0.00000000e+00
  0.00000000e+00 0.00000000e+00]
 [0.00000000e+00 0.00000000e+00 0.00000000e+00 2.78241514e-03
  2.41400121e-03 0.00000000e+00 0.00000000e+00 1.00000000e+00
  0.00000000e+00 0.00000000e+00]
 [0.00000000e+00 0.00000000e+00 0.00000000e+00 5.56483027e-04
  0.00000000e+00 0.00000000e+00 0.00000000e+00 0.00000000e+00
  9.97023810e-01 0.00000000e+00]
 [0.00000000e+00 0.00000000e+00 0.00000000e+00 1.11296605e-03
  0.00000000e+00 0.00000000e+00 0.00000000e+00 0.00000000e+00
  2.38095238e-03 1.00000000e+00]]
matrix:[[1.00000000e+00 0.00000000e+00 0.00000000e+00 2.94117647e-03
  0.00000000e+00 0.00000000e+00 0.00000000e+00 0.00000000e+00
  0.00000000e+00 1.72117040e-03]
 [0.00000000e+00 1.00000000e+00 0.00000000e+00 0.00000000e+00
  0.00000000e+00 0.00000000e+00 0.00000000e+00 5.91016548e-04
  0.00000000e+00 1.72117040e-03]
 [0.00000000e+00 0.00000000e+00 1.00000000e+00 0.00000000e+00
  0.00000000e+00 0.00000000e+00 0.00000000e+00 0.00000000e+00
  0.00000000e+00 2.29489386e-03]
 [0.00000000e+00 0.00000000e+00 0.00000000e+00 9.94117647e-01
  0.00000000e+00 0.00000000e+00 0.00000000e+00 0.00000000e+00
  0.00000000e+00 2.29489386e-03]
 [0.00000000e+00 0.00000000e+00 0.00000000e+00 0.00000000e+00
  9.99405470e-01 0.00000000e+00 0.00000000e+00 2.95508274e-03
  3.63856883e-03 1.14744693e-03]
 [0.00000000e+00 0.00000000e+00 0.00000000e+00 0.00000000e+00
  0.00000000e+00 1.00000000e+00 0.00000000e+00 0.00000000e+00
  0.00000000e+00 1.14744693e-03]
 [0.00000000e+00 0.00000000e+00 0.00000000e+00 0.00000000e+00
  0.00000000e+00 0.00000000e+00 1.00000000e+00 5.91016548e-04
  0.00000000e+00 2.86861733e-03]
 [0.00000000e+00 0.00000000e+00 0.00000000e+00 0.00000000e+00
  5.94530321e-04 0.00000000e+00 0.00000000e+00 9.95862884e-01
  0.00000000e+00 1.72117040e-03]
 [0.00000000e+00 0.00000000e+00 0.00000000e+00 1.76470588e-03
  0.00000000e+00 0.00000000e+00 0.00000000e+00 0.00000000e+00
  9.96361431e-01 2.86861733e-03]
 [0.00000000e+00 0.00000000e+00 0.00000000e+00 1.17647059e-03
  0.00000000e+00 0.00000000e+00 0.00000000e+00 0.00000000e+00
  0.00000000e+00 9.82214573e-01]]
matrix:[[9.89892985e-01 0.00000000e+00 0.00000000e+00 0.00000000e+00
  0.00000000e+00 0.00000000e+00 0.00000000e+00 1.10741971e-03
  0.00000000e+00 0.00000000e+00]
 [0.00000000e+00 1.00000000e+00 0.00000000e+00 0.00000000e+00
  0.00000000e+00 0.00000000e+00 0.00000000e+00 2.76854928e-03
  0.00000000e+00 0.00000000e+00]
 [0.00000000e+00 0.00000000e+00 1.00000000e+00 0.00000000e+00
  0.00000000e+00 0.00000000e+00 0.00000000e+00 2.21483942e-03
  0.00000000e+00 0.00000000e+00]
 [2.37812128e-03 0.00000000e+00 0.00000000e+00 9.99399038e-01
  0.00000000e+00 0.00000000e+00 0.00000000e+00 2.21483942e-03
  0.00000000e+00 0.00000000e+00]
 [2.37812128e-03 0.00000000e+00 0.00000000e+00 0.00000000e+00
  1.00000000e+00 0.00000000e+00 0.00000000e+00 2.21483942e-03
  1.21654501e-03 0.00000000e+00]
 [0.00000000e+00 0.00000000e+00 0.00000000e+00 0.00000000e+00
  0.00000000e+00 1.00000000e+00 0.00000000e+00 2.21483942e-03
  0.00000000e+00 0.00000000e+00]
 [0.00000000e+00 0.00000000e+00 0.00000000e+00 0.00000000e+00
  0.00000000e+00 0.00000000e+00 1.00000000e+00 2.21483942e-03
  0.00000000e+00 0.00000000e+00]
 [5.94530321e-04 0.00000000e+00 0.00000000e+00 0.00000000e+00
  0.00000000e+00 0.00000000e+00 0.00000000e+00 9.81727575e-01
  0.00000000e+00 0.00000000e+00]
 [1.78359096e-03 0.00000000e+00 0.00000000e+00 0.00000000e+00
  0.00000000e+00 0.00000000e+00 0.00000000e+00 2.21483942e-03
  9.98783455e-01 0.00000000e+00]
 [2.97265161e-03 0.00000000e+00 0.00000000e+00 6.00961538e-04
  0.00000000e+00 0.00000000e+00 0.00000000e+00 1.10741971e-03
  0.00000000e+00 1.00000000e+00]]
matrix:[[1.00000000e+00 0.00000000e+00 4.06504065e-03 0.00000000e+00
  2.38663484e-03 0.00000000e+00 0.00000000e+00 0.00000000e+00
  0.00000000e+00 0.00000000e+00]
 [0.00000000e+00 1.00000000e+00 3.48432056e-03 0.00000000e+00
  0.00000000e+00 0.00000000e+00 0.00000000e+00 0.00000000e+00
  0.00000000e+00 0.00000000e+00]
 [0.00000000e+00 0.00000000e+00 9.79094077e-01 0.00000000e+00
  0.00000000e+00 0.00000000e+00 0.00000000e+00 0.00000000e+00
  0.00000000e+00 0.00000000e+00]
 [0.00000000e+00 0.00000000e+00 2.90360046e-03 1.00000000e+00
  3.57995227e-03 0.00000000e+00 0.00000000e+00 0.00000000e+00
  0.00000000e+00 0.00000000e+00]
 [0.00000000e+00 0.00000000e+00 1.74216028e-03 0.00000000e+00
  9.88066826e-01 0.00000000e+00 0.00000000e+00 0.00000000e+00
  1.78571429e-03 0.00000000e+00]
 [0.00000000e+00 0.00000000e+00 2.32288037e-03 0.00000000e+00
  0.00000000e+00 1.00000000e+00 0.00000000e+00 0.00000000e+00
  0.00000000e+00 0.00000000e+00]
 [0.00000000e+00 0.00000000e+00 1.74216028e-03 0.00000000e+00
  0.00000000e+00 0.00000000e+00 1.00000000e+00 0.00000000e+00
  0.00000000e+00 0.00000000e+00]
 [0.00000000e+00 0.00000000e+00 2.90360046e-03 0.00000000e+00
  1.19331742e-03 0.00000000e+00 0.00000000e+00 1.00000000e+00
  0.00000000e+00 0.00000000e+00]
 [0.00000000e+00 0.00000000e+00 1.16144019e-03 0.00000000e+00
  1.78997613e-03 0.00000000e+00 0.00000000e+00 0.00000000e+00
  9.98214286e-01 0.00000000e+00]
 [0.00000000e+00 0.00000000e+00 5.80720093e-04 0.00000000e+00
  2.98329356e-03 0.00000000e+00 0.00000000e+00 0.00000000e+00
  0.00000000e+00 1.00000000e+00]]
matrix:[[9.91233197e-01 0.00000000e+00 0.00000000e+00 0.00000000e+00
  0.00000000e+00 5.82411182e-04 0.00000000e+00 1.77304965e-03
  0.00000000e+00 0.00000000e+00]
 [0.00000000e+00 1.00000000e+00 0.00000000e+00 0.00000000e+00
  0.00000000e+00 5.82411182e-04 0.00000000e+00 5.91016548e-04
  0.00000000e+00 0.00000000e+00]
 [0.00000000e+00 0.00000000e+00 9.99419617e-01 0.00000000e+00
  0.00000000e+00 0.00000000e+00 0.00000000e+00 1.77304965e-03
  0.00000000e+00 0.00000000e+00]
 [3.50672122e-03 0.00000000e+00 0.00000000e+00 9.99410377e-01
  0.00000000e+00 0.00000000e+00 0.00000000e+00 5.91016548e-04
  0.00000000e+00 0.00000000e+00]
 [0.00000000e+00 0.00000000e+00 5.80383053e-04 0.00000000e+00
  9.98219585e-01 0.00000000e+00 0.00000000e+00 2.95508274e-03
  0.00000000e+00 0.00000000e+00]
 [0.00000000e+00 0.00000000e+00 0.00000000e+00 0.00000000e+00
  0.00000000e+00 9.97087944e-01 0.00000000e+00 1.18203310e-03
  0.00000000e+00 0.00000000e+00]
 [0.00000000e+00 0.00000000e+00 0.00000000e+00 0.00000000e+00
  0.00000000e+00 5.82411182e-04 1.00000000e+00 2.36406619e-03
  0.00000000e+00 0.00000000e+00]
 [0.00000000e+00 0.00000000e+00 0.00000000e+00 0.00000000e+00
  1.78041543e-03 0.00000000e+00 0.00000000e+00 9.82269504e-01
  0.00000000e+00 0.00000000e+00]
 [1.16890707e-03 0.00000000e+00 0.00000000e+00 5.89622642e-04
  0.00000000e+00 5.82411182e-04 0.00000000e+00 2.95508274e-03
  1.00000000e+00 0.00000000e+00]
 [4.09117475e-03 0.00000000e+00 0.00000000e+00 0.00000000e+00
  0.00000000e+00 5.82411182e-04 0.00000000e+00 3.54609929e-03
  0.00000000e+00 1.00000000e+00]]
matrix:[[9.79381443e-01 0.00000000e+00 0.00000000e+00 0.00000000e+00
  0.00000000e+00 0.00000000e+00 0.00000000e+00 0.00000000e+00
  0.00000000e+00 0.00000000e+00]
 [1.71821306e-03 1.00000000e+00 0.00000000e+00 0.00000000e+00
  0.00000000e+00 0.00000000e+00 0.00000000e+00 0.00000000e+00
  0.00000000e+00 5.87889477e-04]
 [2.29095074e-03 0.00000000e+00 1.00000000e+00 0.00000000e+00
  0.00000000e+00 0.00000000e+00 0.00000000e+00 0.00000000e+00
  0.00000000e+00 0.00000000e+00]
 [2.86368843e-03 0.00000000e+00 0.00000000e+00 9.98831093e-01
  0.00000000e+00 0.00000000e+00 0.00000000e+00 0.00000000e+00
  0.00000000e+00 0.00000000e+00]
 [2.29095074e-03 0.00000000e+00 0.00000000e+00 0.00000000e+00
  1.00000000e+00 0.00000000e+00 0.00000000e+00 1.18273211e-03
  6.05326877e-04 0.00000000e+00]
 [2.29095074e-03 0.00000000e+00 0.00000000e+00 0.00000000e+00
  0.00000000e+00 9.99407583e-01 0.00000000e+00 0.00000000e+00
  0.00000000e+00 0.00000000e+00]
 [5.72737686e-04 0.00000000e+00 0.00000000e+00 0.00000000e+00
  0.00000000e+00 5.92417062e-04 1.00000000e+00 0.00000000e+00
  0.00000000e+00 5.87889477e-04]
 [2.29095074e-03 0.00000000e+00 0.00000000e+00 0.00000000e+00
  0.00000000e+00 0.00000000e+00 0.00000000e+00 9.98817268e-01
  0.00000000e+00 0.00000000e+00]
 [2.86368843e-03 0.00000000e+00 0.00000000e+00 1.16890707e-03
  0.00000000e+00 0.00000000e+00 0.00000000e+00 0.00000000e+00
  9.99394673e-01 0.00000000e+00]
 [3.43642612e-03 0.00000000e+00 0.00000000e+00 0.00000000e+00
  0.00000000e+00 0.00000000e+00 0.00000000e+00 0.00000000e+00
  0.00000000e+00 9.98824221e-01]]
matrix:[[1.00000000e+00 0.00000000e+00 0.00000000e+00 6.00240096e-04
  0.00000000e+00 0.00000000e+00 1.14547537e-03 0.00000000e+00
  2.93083236e-03 0.00000000e+00]
 [0.00000000e+00 1.00000000e+00 0.00000000e+00 0.00000000e+00
  0.00000000e+00 0.00000000e+00 1.71821306e-03 0.00000000e+00
  0.00000000e+00 0.00000000e+00]
 [0.00000000e+00 0.00000000e+00 1.00000000e+00 0.00000000e+00
  0.00000000e+00 0.00000000e+00 1.14547537e-03 0.00000000e+00
  0.00000000e+00 0.00000000e+00]
 [0.00000000e+00 0.00000000e+00 0.00000000e+00 9.98799520e-01
  0.00000000e+00 0.00000000e+00 1.14547537e-03 0.00000000e+00
  1.75849941e-03 0.00000000e+00]
 [0.00000000e+00 0.00000000e+00 0.00000000e+00 0.00000000e+00
  1.00000000e+00 0.00000000e+00 2.29095074e-03 3.59496705e-03
  1.75849941e-03 0.00000000e+00]
 [0.00000000e+00 0.00000000e+00 0.00000000e+00 0.00000000e+00
  0.00000000e+00 1.00000000e+00 2.86368843e-03 0.00000000e+00
  0.00000000e+00 0.00000000e+00]
 [0.00000000e+00 0.00000000e+00 0.00000000e+00 0.00000000e+00
  0.00000000e+00 0.00000000e+00 9.85108820e-01 0.00000000e+00
  5.86166471e-04 0.00000000e+00]
 [0.00000000e+00 0.00000000e+00 0.00000000e+00 0.00000000e+00
  0.00000000e+00 0.00000000e+00 1.71821306e-03 9.96405033e-01
  0.00000000e+00 0.00000000e+00]
 [0.00000000e+00 0.00000000e+00 0.00000000e+00 6.00240096e-04
  0.00000000e+00 0.00000000e+00 1.14547537e-03 0.00000000e+00
  9.90035170e-01 0.00000000e+00]
 [0.00000000e+00 0.00000000e+00 0.00000000e+00 0.00000000e+00
  0.00000000e+00 0.00000000e+00 1.71821306e-03 0.00000000e+00
  2.93083236e-03 1.00000000e+00]]
matrix:[[9.98839234e-01 0.00000000e+00 0.00000000e+00 2.35710077e-03
  0.00000000e+00 0.00000000e+00 0.00000000e+00 5.81733566e-04
  1.15740741e-03 0.00000000e+00]
 [0.00000000e+00 1.00000000e+00 0.00000000e+00 0.00000000e+00
  5.86166471e-04 0.00000000e+00 0.00000000e+00 1.74520070e-03
  1.15740741e-03 0.00000000e+00]
 [0.00000000e+00 0.00000000e+00 1.00000000e+00 0.00000000e+00
  5.86166471e-04 0.00000000e+00 0.00000000e+00 1.16346713e-03
  1.15740741e-03 0.00000000e+00]
 [0.00000000e+00 0.00000000e+00 0.00000000e+00 9.89393047e-01
  0.00000000e+00 0.00000000e+00 0.00000000e+00 0.00000000e+00
  1.73611111e-03 5.95592615e-04]
 [0.00000000e+00 0.00000000e+00 0.00000000e+00 3.53565115e-03
  9.97655334e-01 0.00000000e+00 0.00000000e+00 4.65386853e-03
  0.00000000e+00 0.00000000e+00]
 [0.00000000e+00 0.00000000e+00 0.00000000e+00 0.00000000e+00
  5.86166471e-04 1.00000000e+00 0.00000000e+00 1.16346713e-03
  5.78703704e-04 0.00000000e+00]
 [0.00000000e+00 0.00000000e+00 0.00000000e+00 0.00000000e+00
  0.00000000e+00 0.00000000e+00 1.00000000e+00 5.81733566e-04
  1.15740741e-03 0.00000000e+00]
 [0.00000000e+00 0.00000000e+00 0.00000000e+00 0.00000000e+00
  5.86166471e-04 0.00000000e+00 0.00000000e+00 9.88947062e-01
  2.31481481e-03 0.00000000e+00]
 [0.00000000e+00 0.00000000e+00 0.00000000e+00 1.76782557e-03
  0.00000000e+00 0.00000000e+00 0.00000000e+00 5.81733566e-04
  9.89004630e-01 5.95592615e-04]
 [1.16076611e-03 0.00000000e+00 0.00000000e+00 2.94637596e-03
  0.00000000e+00 0.00000000e+00 0.00000000e+00 5.81733566e-04
  1.73611111e-03 9.98808815e-01]]
matrix:[[1.00000000e+00 0.00000000e+00 0.00000000e+00 6.07902736e-04
  0.00000000e+00 0.00000000e+00 2.30547550e-03 0.00000000e+00
  1.17785630e-03 0.00000000e+00]
 [0.00000000e+00 1.00000000e+00 0.00000000e+00 0.00000000e+00
  0.00000000e+00 0.00000000e+00 4.03458213e-03 0.00000000e+00
  0.00000000e+00 0.00000000e+00]
 [0.00000000e+00 0.00000000e+00 1.00000000e+00 0.00000000e+00
  0.00000000e+00 0.00000000e+00 1.15273775e-03 0.00000000e+00
  0.00000000e+00 0.00000000e+00]
 [0.00000000e+00 0.00000000e+00 0.00000000e+00 9.98176292e-01
  0.00000000e+00 0.00000000e+00 1.72910663e-03 0.00000000e+00
  1.76678445e-03 6.01684717e-04]
 [0.00000000e+00 0.00000000e+00 0.00000000e+00 0.00000000e+00
  9.97000600e-01 0.00000000e+00 1.72910663e-03 5.81395349e-04
  2.94464075e-03 0.00000000e+00]
 [0.00000000e+00 0.00000000e+00 0.00000000e+00 0.00000000e+00
  0.00000000e+00 1.00000000e+00 2.88184438e-03 0.00000000e+00
  0.00000000e+00 0.00000000e+00]
 [0.00000000e+00 0.00000000e+00 0.00000000e+00 0.00000000e+00
  0.00000000e+00 0.00000000e+00 9.79250720e-01 0.00000000e+00
  0.00000000e+00 0.00000000e+00]
 [0.00000000e+00 0.00000000e+00 0.00000000e+00 0.00000000e+00
  2.99940012e-03 0.00000000e+00 1.15273775e-03 9.99418605e-01
  0.00000000e+00 0.00000000e+00]
 [0.00000000e+00 0.00000000e+00 0.00000000e+00 0.00000000e+00
  0.00000000e+00 0.00000000e+00 2.88184438e-03 0.00000000e+00
  9.92343934e-01 6.01684717e-04]
 [0.00000000e+00 0.00000000e+00 0.00000000e+00 1.21580547e-03
  0.00000000e+00 0.00000000e+00 2.88184438e-03 0.00000000e+00
  1.76678445e-03 9.98796631e-01]]
matrix:[[1.00000000e+00 2.92397661e-03 0.00000000e+00 0.00000000e+00
  0.00000000e+00 0.00000000e+00 0.00000000e+00 0.00000000e+00
  2.36406619e-03 0.00000000e+00]
 [0.00000000e+00 9.79532164e-01 0.00000000e+00 0.00000000e+00
  0.00000000e+00 0.00000000e+00 0.00000000e+00 0.00000000e+00
  0.00000000e+00 0.00000000e+00]
 [0.00000000e+00 1.16959064e-03 1.00000000e+00 0.00000000e+00
  0.00000000e+00 0.00000000e+00 6.03864734e-04 0.00000000e+00
  0.00000000e+00 0.00000000e+00]
 [0.00000000e+00 1.75438596e-03 0.00000000e+00 9.97609085e-01
  0.00000000e+00 0.00000000e+00 0.00000000e+00 0.00000000e+00
  4.13711584e-03 0.00000000e+00]
 [0.00000000e+00 1.75438596e-03 0.00000000e+00 2.39091452e-03
  9.96515679e-01 0.00000000e+00 0.00000000e+00 5.80383053e-04
  0.00000000e+00 0.00000000e+00]
 [0.00000000e+00 1.75438596e-03 0.00000000e+00 0.00000000e+00
  0.00000000e+00 1.00000000e+00 0.00000000e+00 0.00000000e+00
  0.00000000e+00 0.00000000e+00]
 [0.00000000e+00 2.92397661e-03 0.00000000e+00 0.00000000e+00
  0.00000000e+00 0.00000000e+00 9.99396135e-01 0.00000000e+00
  0.00000000e+00 0.00000000e+00]
 [0.00000000e+00 2.33918129e-03 0.00000000e+00 0.00000000e+00
  3.48432056e-03 0.00000000e+00 0.00000000e+00 9.99419617e-01
  0.00000000e+00 0.00000000e+00]
 [0.00000000e+00 3.50877193e-03 0.00000000e+00 0.00000000e+00
  0.00000000e+00 0.00000000e+00 0.00000000e+00 0.00000000e+00
  9.85815603e-01 0.00000000e+00]
 [0.00000000e+00 2.33918129e-03 0.00000000e+00 0.00000000e+00
  0.00000000e+00 0.00000000e+00 0.00000000e+00 0.00000000e+00
  7.68321513e-03 1.00000000e+00]]
