matrix:[[0.01997647 0.         0.         ... 0.         0.         0.        ]
 [0.01981176 0.         0.         ... 0.         0.         0.        ]
 [0.02027059 0.         0.         ... 0.         0.         0.        ]
 ...
 [0.02017647 0.         0.         ... 0.         0.         0.        ]
 [0.02014118 0.         0.         ... 0.         0.         0.        ]
 [0.01985882 0.         0.         ... 0.         0.         0.        ]]
matrix:[[0.01968235 0.         0.         ... 0.         0.         0.        ]
 [0.02036471 0.         0.         ... 0.         0.         0.        ]
 [0.01947059 0.         0.         ... 0.         0.         0.        ]
 ...
 [0.01912941 0.         0.         ... 0.         0.         0.        ]
 [0.02112941 0.         0.         ... 0.         0.         0.        ]
 [0.01951765 0.         0.         ... 0.         0.         0.        ]]
matrix:[[0.01974118 0.         0.         ... 0.         0.         0.        ]
 [0.02021176 0.         0.         ... 0.         0.         0.        ]
 [0.0192     0.         0.         ... 0.         0.         0.        ]
 ...
 [0.01961176 0.         0.         ... 0.         0.         0.        ]
 [0.02012941 0.         0.         ... 0.         0.         0.        ]
 [0.02025882 0.         0.         ... 0.         0.         0.        ]]
