matrix:[[0.         0.         0.101      0.         0.         0.
  0.         0.         0.         0.        ]
 [0.         0.         0.09894118 0.         0.         0.
  0.         0.         0.         0.        ]
 [0.         0.         0.09852941 0.         0.         0.
  0.         0.         0.         0.        ]
 [0.         0.         0.10305882 0.         0.         0.
  0.         0.         0.         0.        ]
 [0.         0.         0.10135294 0.         0.         0.
  0.         0.         0.         0.        ]
 [0.         0.         0.10029412 0.         0.         0.
  0.         0.         0.         0.        ]
 [0.         0.         0.09882353 0.         0.         0.
  0.         0.         0.         0.        ]
 [0.         0.         0.09823529 0.         0.         0.
  0.         0.         0.         0.        ]
 [0.         0.         0.10076471 0.         0.         0.
  0.         0.         0.         0.        ]
 [0.         0.         0.099      0.         0.         0.
  0.         0.         0.         0.        ]]
matrix:[[0.         0.         0.         0.         0.         0.
  0.09894118 0.         0.         0.        ]
 [0.         0.         0.         0.         0.         0.
  0.09894118 0.         0.         0.        ]
 [0.         0.         0.         0.         0.         0.
  0.10070588 0.         0.         0.        ]
 [0.         0.         0.         0.         0.         0.
  0.10141176 0.         0.         0.        ]
 [0.         0.         0.         0.         0.         0.
  0.10376471 0.         0.         0.        ]
 [0.         0.         0.         0.         0.         0.
  0.09905882 0.         0.         0.        ]
 [0.         0.         0.         0.         0.         0.
  0.10294118 0.         0.         0.        ]
 [0.         0.         0.         0.         0.         0.
  0.09676471 0.         0.         0.        ]
 [0.         0.         0.         0.         0.         0.
  0.09835294 0.         0.         0.        ]
 [0.         0.         0.         0.         0.         0.
  0.09911765 0.         0.         0.        ]]
matrix:[[0.         0.         0.         0.09782353 0.         0.
  0.         0.         0.         0.        ]
 [0.         0.         0.         0.09794118 0.         0.
  0.         0.         0.         0.        ]
 [0.         0.         0.         0.09976471 0.         0.
  0.         0.         0.         0.        ]
 [0.         0.         0.         0.101      0.         0.
  0.         0.         0.         0.        ]
 [0.         0.         0.         0.106      0.         0.
  0.         0.         0.         0.        ]
 [0.         0.         0.         0.09976471 0.         0.
  0.         0.         0.         0.        ]
 [0.         0.         0.         0.09888235 0.         0.
  0.         0.         0.         0.        ]
 [0.         0.         0.         0.10141176 0.         0.
  0.         0.         0.         0.        ]
 [0.         0.         0.         0.09529412 0.         0.
  0.         0.         0.         0.        ]
 [0.         0.         0.         0.10211765 0.         0.
  0.         0.         0.         0.        ]]
matrix:[[0.10223529 0.         0.         0.         0.         0.
  0.         0.         0.         0.        ]
 [0.09770588 0.         0.         0.         0.         0.
  0.         0.         0.         0.        ]
 [0.09947059 0.         0.         0.         0.         0.
  0.         0.         0.         0.        ]
 [0.10235294 0.         0.         0.         0.         0.
  0.         0.         0.         0.        ]
 [0.10094118 0.         0.         0.         0.         0.
  0.         0.         0.         0.        ]
 [0.09723529 0.         0.         0.         0.         0.
  0.         0.         0.         0.        ]
 [0.09811765 0.         0.         0.         0.         0.
  0.         0.         0.         0.        ]
 [0.09882353 0.         0.         0.         0.         0.
  0.         0.         0.         0.        ]
 [0.10129412 0.         0.         0.         0.         0.
  0.         0.         0.         0.        ]
 [0.10182353 0.         0.         0.         0.         0.
  0.         0.         0.         0.        ]]
matrix:[[0.10247059 0.         0.         0.         0.         0.
  0.         0.         0.         0.        ]
 [0.10270588 0.         0.         0.         0.         0.
  0.         0.         0.         0.        ]
 [0.10094118 0.         0.         0.         0.         0.
  0.         0.         0.         0.        ]
 [0.10052941 0.         0.         0.         0.         0.
  0.         0.         0.         0.        ]
 [0.09976471 0.         0.         0.         0.         0.
  0.         0.         0.         0.        ]
 [0.09682353 0.         0.         0.         0.         0.
  0.         0.         0.         0.        ]
 [0.09970588 0.         0.         0.         0.         0.
  0.         0.         0.         0.        ]
 [0.09894118 0.         0.         0.         0.         0.
  0.         0.         0.         0.        ]
 [0.09935294 0.         0.         0.         0.         0.
  0.         0.         0.         0.        ]
 [0.09876471 0.         0.         0.         0.         0.
  0.         0.         0.         0.        ]]
matrix:[[0.         0.         0.         0.         0.         0.09982353
  0.         0.         0.         0.        ]
 [0.         0.         0.         0.         0.         0.10052941
  0.         0.         0.         0.        ]
 [0.         0.         0.         0.         0.         0.09888235
  0.         0.         0.         0.        ]
 [0.         0.         0.         0.         0.         0.09911765
  0.         0.         0.         0.        ]
 [0.         0.         0.         0.         0.         0.10358824
  0.         0.         0.         0.        ]
 [0.         0.         0.         0.         0.         0.09982353
  0.         0.         0.         0.        ]
 [0.         0.         0.         0.         0.         0.09823529
  0.         0.         0.         0.        ]
 [0.         0.         0.         0.         0.         0.10194118
  0.         0.         0.         0.        ]
 [0.         0.         0.         0.         0.         0.09911765
  0.         0.         0.         0.        ]
 [0.         0.         0.         0.         0.         0.09894118
  0.         0.         0.         0.        ]]
matrix:[[0.         0.         0.         0.         0.         0.
  0.15384615 0.         0.09842821 0.        ]
 [0.         0.         0.         0.         0.         0.
  0.07692308 0.         0.10225467 0.        ]
 [0.         0.         0.         0.         0.         0.
  0.07692308 0.         0.09848708 0.        ]
 [0.         0.         0.         0.         0.         0.
  0.07692308 0.         0.10119503 0.        ]
 [0.         0.         0.         0.         0.         0.
  0.07692308 0.         0.10296109 0.        ]
 [0.         0.         0.         0.         0.         0.
  0.15384615 0.         0.09889916 0.        ]
 [0.         0.         0.         0.         0.         0.
  0.         0.         0.09801613 0.        ]
 [0.         0.         0.         0.         0.         0.
  0.         0.         0.1001354  0.        ]
 [0.         0.         0.         0.         0.         0.
  0.23076923 0.         0.1021958  0.        ]
 [0.         0.         0.         0.         0.         0.
  0.15384615 0.         0.09742744 0.        ]]
matrix:[[0.         0.09770588 0.         0.         0.         0.
  0.         0.         0.         0.        ]
 [0.         0.09841176 0.         0.         0.         0.
  0.         0.         0.         0.        ]
 [0.         0.10211765 0.         0.         0.         0.
  0.         0.         0.         0.        ]
 [0.         0.10117647 0.         0.         0.         0.
  0.         0.         0.         0.        ]
 [0.         0.10152941 0.         0.         0.         0.
  0.         0.         0.         0.        ]
 [0.         0.09829412 0.         0.         0.         0.
  0.         0.         0.         0.        ]
 [0.         0.09952941 0.         0.         0.         0.
  0.         0.         0.         0.        ]
 [0.         0.10076471 0.         0.         0.         0.
  0.         0.         0.         0.        ]
 [0.         0.10141176 0.         0.         0.         0.
  0.         0.         0.         0.        ]
 [0.         0.09905882 0.         0.         0.         0.
  0.         0.         0.         0.        ]]
matrix:[[0.         0.         0.         0.         0.         0.
  0.         0.09741176 0.         0.        ]
 [0.         0.         0.         0.         0.         0.
  0.         0.09823529 0.         0.        ]
 [0.         0.         0.         0.         0.         0.
  0.         0.10347059 0.         0.        ]
 [0.         0.         0.         0.         0.         0.
  0.         0.09882353 0.         0.        ]
 [0.         0.         0.         0.         0.         0.
  0.         0.09805882 0.         0.        ]
 [0.         0.         0.         0.         0.         0.
  0.         0.09911765 0.         0.        ]
 [0.         0.         0.         0.         0.         0.
  0.         0.10270588 0.         0.        ]
 [0.         0.         0.         0.         0.         0.
  0.         0.10229412 0.         0.        ]
 [0.         0.         0.         0.         0.         0.
  0.         0.09870588 0.         0.        ]
 [0.         0.         0.         0.         0.         0.
  0.         0.10117647 0.         0.        ]]
