matrix:[[8.62068966e-02 0.00000000e+00 0.00000000e+00 3.28436305e-01
  0.00000000e+00 0.00000000e+00 0.00000000e+00 0.00000000e+00
  0.00000000e+00 0.00000000e+00]
 [5.17241379e-02 1.00000000e+00 0.00000000e+00 0.00000000e+00
  0.00000000e+00 0.00000000e+00 0.00000000e+00 5.75043128e-04
  0.00000000e+00 0.00000000e+00]
 [5.17241379e-02 0.00000000e+00 1.00000000e+00 0.00000000e+00
  0.00000000e+00 0.00000000e+00 0.00000000e+00 0.00000000e+00
  0.00000000e+00 0.00000000e+00]
 [1.03448276e-01 0.00000000e+00 0.00000000e+00 3.44938619e-01
  0.00000000e+00 0.00000000e+00 0.00000000e+00 0.00000000e+00
  0.00000000e+00 0.00000000e+00]
 [1.72413793e-01 0.00000000e+00 0.00000000e+00 2.01247736e-04
  5.12992701e-01 0.00000000e+00 0.00000000e+00 0.00000000e+00
  0.00000000e+00 0.00000000e+00]
 [1.72413793e-02 0.00000000e+00 0.00000000e+00 0.00000000e+00
  0.00000000e+00 1.00000000e+00 0.00000000e+00 5.75043128e-04
  0.00000000e+00 0.00000000e+00]
 [1.72413793e-02 0.00000000e+00 0.00000000e+00 0.00000000e+00
  0.00000000e+00 0.00000000e+00 1.00000000e+00 5.75043128e-04
  0.00000000e+00 0.00000000e+00]
 [1.20689655e-01 0.00000000e+00 0.00000000e+00 0.00000000e+00
  0.00000000e+00 0.00000000e+00 0.00000000e+00 9.98274871e-01
  0.00000000e+00 0.00000000e+00]
 [2.24137931e-01 0.00000000e+00 0.00000000e+00 3.25820085e-01
  0.00000000e+00 0.00000000e+00 0.00000000e+00 0.00000000e+00
  0.00000000e+00 0.00000000e+00]
 [1.55172414e-01 0.00000000e+00 0.00000000e+00 6.03743208e-04
  4.87007299e-01 0.00000000e+00 0.00000000e+00 0.00000000e+00
  0.00000000e+00 0.00000000e+00]]
matrix:[[0.99767442 0.00289519 0.         0.         0.         0.
  0.         0.         0.         0.        ]
 [0.         0.96525767 0.         0.         0.         0.
  0.         0.         0.         0.        ]
 [0.         0.00173712 1.         0.         0.         0.
  0.         0.         0.         0.        ]
 [0.         0.00405327 0.         0.         0.         0.
  0.         0.         0.5024934  0.        ]
 [0.         0.00636943 0.         0.         1.         0.
  0.         0.         0.00146671 0.        ]
 [0.         0.00231616 0.         0.         0.         1.
  0.         0.         0.         0.        ]
 [0.         0.00231616 0.         0.         0.         0.
  1.         0.         0.         0.        ]
 [0.         0.00521135 0.         0.         0.         0.
  0.         1.         0.         0.        ]
 [0.         0.00463231 0.         0.         0.         0.
  0.         0.         0.49603989 0.        ]
 [0.00232558 0.00521135 0.         0.         0.         0.
  0.         0.         0.         1.        ]]
matrix:[[0.00000000e+00 0.00000000e+00 1.66666667e-01 0.00000000e+00
  0.00000000e+00 6.66666667e-02 0.00000000e+00 2.49413834e-01
  0.00000000e+00 0.00000000e+00]
 [0.00000000e+00 2.55249926e-01 1.11111111e-01 0.00000000e+00
  0.00000000e+00 6.66666667e-02 0.00000000e+00 0.00000000e+00
  0.00000000e+00 0.00000000e+00]
 [0.00000000e+00 2.49186631e-01 5.55555556e-02 0.00000000e+00
  0.00000000e+00 2.00000000e-01 0.00000000e+00 0.00000000e+00
  0.00000000e+00 0.00000000e+00]
 [0.00000000e+00 1.47885241e-04 1.11111111e-01 0.00000000e+00
  0.00000000e+00 1.33333333e-01 0.00000000e+00 2.47215709e-01
  0.00000000e+00 0.00000000e+00]
 [0.00000000e+00 0.00000000e+00 1.11111111e-01 0.00000000e+00
  5.01035197e-01 0.00000000e+00 0.00000000e+00 7.32708089e-04
  0.00000000e+00 0.00000000e+00]
 [0.00000000e+00 2.50517598e-01 2.22222222e-01 0.00000000e+00
  0.00000000e+00 1.33333333e-01 0.00000000e+00 0.00000000e+00
  0.00000000e+00 0.00000000e+00]
 [0.00000000e+00 2.44897959e-01 1.11111111e-01 0.00000000e+00
  0.00000000e+00 6.66666667e-02 0.00000000e+00 0.00000000e+00
  0.00000000e+00 0.00000000e+00]
 [0.00000000e+00 0.00000000e+00 0.00000000e+00 0.00000000e+00
  0.00000000e+00 6.66666667e-02 0.00000000e+00 2.46043376e-01
  0.00000000e+00 0.00000000e+00]
 [0.00000000e+00 0.00000000e+00 5.55555556e-02 0.00000000e+00
  0.00000000e+00 1.33333333e-01 0.00000000e+00 2.55275498e-01
  0.00000000e+00 0.00000000e+00]
 [0.00000000e+00 0.00000000e+00 5.55555556e-02 0.00000000e+00
  4.98964803e-01 1.33333333e-01 0.00000000e+00 1.31887456e-03
  0.00000000e+00 0.00000000e+00]]
matrix:[[0.00000000e+00 5.53097345e-04 8.33333333e-02 0.00000000e+00
  0.00000000e+00 0.00000000e+00 0.00000000e+00 0.00000000e+00
  2.56859311e-01 0.00000000e+00]
 [0.00000000e+00 9.88384956e-01 0.00000000e+00 0.00000000e+00
  0.00000000e+00 0.00000000e+00 0.00000000e+00 0.00000000e+00
  0.00000000e+00 0.00000000e+00]
 [0.00000000e+00 1.65929204e-03 8.33333333e-02 0.00000000e+00
  2.51988594e-01 0.00000000e+00 0.00000000e+00 0.00000000e+00
  0.00000000e+00 0.00000000e+00]
 [0.00000000e+00 1.65929204e-03 8.33333333e-02 0.00000000e+00
  0.00000000e+00 0.00000000e+00 0.00000000e+00 0.00000000e+00
  2.47956801e-01 0.00000000e+00]
 [0.00000000e+00 5.53097345e-04 0.00000000e+00 0.00000000e+00
  2.41182650e-01 0.00000000e+00 0.00000000e+00 0.00000000e+00
  0.00000000e+00 0.00000000e+00]
 [0.00000000e+00 2.76548673e-03 8.33333333e-02 0.00000000e+00
  0.00000000e+00 1.00000000e+00 0.00000000e+00 0.00000000e+00
  0.00000000e+00 0.00000000e+00]
 [0.00000000e+00 2.76548673e-03 8.33333333e-02 0.00000000e+00
  2.54990245e-01 0.00000000e+00 0.00000000e+00 0.00000000e+00
  0.00000000e+00 0.00000000e+00]
 [0.00000000e+00 0.00000000e+00 2.50000000e-01 0.00000000e+00
  2.51838511e-01 0.00000000e+00 0.00000000e+00 0.00000000e+00
  0.00000000e+00 0.00000000e+00]
 [0.00000000e+00 1.10619469e-03 1.66666667e-01 0.00000000e+00
  0.00000000e+00 0.00000000e+00 0.00000000e+00 0.00000000e+00
  2.50145943e-01 0.00000000e+00]
 [0.00000000e+00 5.53097345e-04 1.66666667e-01 0.00000000e+00
  0.00000000e+00 0.00000000e+00 0.00000000e+00 0.00000000e+00
  2.45037945e-01 0.00000000e+00]]
matrix:[[4.85001485e-01 0.00000000e+00 0.00000000e+00 0.00000000e+00
  0.00000000e+00 2.34192037e-03 0.00000000e+00 0.00000000e+00
  0.00000000e+00 0.00000000e+00]
 [0.00000000e+00 1.00000000e+00 0.00000000e+00 0.00000000e+00
  0.00000000e+00 1.75644028e-03 0.00000000e+00 0.00000000e+00
  0.00000000e+00 0.00000000e+00]
 [0.00000000e+00 0.00000000e+00 1.00000000e+00 0.00000000e+00
  0.00000000e+00 1.75644028e-03 0.00000000e+00 0.00000000e+00
  0.00000000e+00 0.00000000e+00]
 [1.48500149e-03 0.00000000e+00 0.00000000e+00 9.98761610e-01
  0.00000000e+00 1.17096019e-03 0.00000000e+00 0.00000000e+00
  0.00000000e+00 0.00000000e+00]
 [1.48500149e-03 0.00000000e+00 0.00000000e+00 0.00000000e+00
  9.98251748e-01 1.75644028e-03 0.00000000e+00 0.00000000e+00
  0.00000000e+00 0.00000000e+00]
 [0.00000000e+00 0.00000000e+00 0.00000000e+00 0.00000000e+00
  0.00000000e+00 9.80679157e-01 0.00000000e+00 0.00000000e+00
  0.00000000e+00 0.00000000e+00]
 [0.00000000e+00 0.00000000e+00 0.00000000e+00 0.00000000e+00
  0.00000000e+00 2.34192037e-03 9.97679814e-01 0.00000000e+00
  0.00000000e+00 0.00000000e+00]
 [0.00000000e+00 0.00000000e+00 0.00000000e+00 0.00000000e+00
  1.74825175e-03 2.92740047e-03 0.00000000e+00 1.00000000e+00
  0.00000000e+00 0.00000000e+00]
 [5.11137511e-01 0.00000000e+00 0.00000000e+00 0.00000000e+00
  0.00000000e+00 2.92740047e-03 0.00000000e+00 0.00000000e+00
  0.00000000e+00 0.00000000e+00]
 [8.91000891e-04 0.00000000e+00 0.00000000e+00 1.23839009e-03
  0.00000000e+00 2.34192037e-03 2.32018561e-03 0.00000000e+00
  0.00000000e+00 1.00000000e+00]]
matrix:[[0.99590643 0.         0.         0.         0.         0.00340136
  0.         0.         0.         0.        ]
 [0.         1.         0.         0.         0.         0.00113379
  0.         0.         0.         0.        ]
 [0.         0.         1.         0.         0.         0.00170068
  0.         0.         0.         0.        ]
 [0.         0.         0.         1.         0.         0.00566893
  0.         0.         0.         0.        ]
 [0.00175439 0.         0.         0.         0.5035503  0.00566893
  0.         0.         0.         0.        ]
 [0.         0.         0.         0.         0.         0.96768707
  0.         0.         0.         0.        ]
 [0.         0.         0.         0.         0.         0.00226757
  1.         0.         0.         0.        ]
 [0.         0.         0.         0.         0.         0.00510204
  0.         1.         0.         0.        ]
 [0.         0.         0.         0.         0.         0.00453515
  0.         0.         1.         0.        ]
 [0.00233918 0.         0.         0.         0.4964497  0.00283447
  0.         0.         0.         0.        ]]
matrix:[[9.99425617e-01 0.00000000e+00 0.00000000e+00 2.90866783e-03
  5.91016548e-04 0.00000000e+00 0.00000000e+00 0.00000000e+00
  0.00000000e+00 0.00000000e+00]
 [0.00000000e+00 5.00146671e-01 0.00000000e+00 0.00000000e+00
  0.00000000e+00 0.00000000e+00 0.00000000e+00 0.00000000e+00
  0.00000000e+00 0.00000000e+00]
 [0.00000000e+00 4.99853329e-01 0.00000000e+00 2.32693426e-03
  0.00000000e+00 0.00000000e+00 0.00000000e+00 0.00000000e+00
  0.00000000e+00 0.00000000e+00]
 [0.00000000e+00 0.00000000e+00 0.00000000e+00 9.67422920e-01
  0.00000000e+00 0.00000000e+00 0.00000000e+00 0.00000000e+00
  0.00000000e+00 0.00000000e+00]
 [0.00000000e+00 0.00000000e+00 0.00000000e+00 7.56253636e-03
  9.98226950e-01 0.00000000e+00 0.00000000e+00 0.00000000e+00
  0.00000000e+00 0.00000000e+00]
 [0.00000000e+00 0.00000000e+00 0.00000000e+00 3.49040140e-03
  5.91016548e-04 4.90242460e-01 0.00000000e+00 0.00000000e+00
  0.00000000e+00 0.00000000e+00]
 [0.00000000e+00 0.00000000e+00 0.00000000e+00 2.90866783e-03
  0.00000000e+00 5.09757540e-01 0.00000000e+00 0.00000000e+00
  0.00000000e+00 0.00000000e+00]
 [0.00000000e+00 0.00000000e+00 0.00000000e+00 2.90866783e-03
  0.00000000e+00 0.00000000e+00 0.00000000e+00 1.00000000e+00
  0.00000000e+00 0.00000000e+00]
 [0.00000000e+00 0.00000000e+00 0.00000000e+00 5.23560209e-03
  0.00000000e+00 0.00000000e+00 0.00000000e+00 0.00000000e+00
  1.00000000e+00 0.00000000e+00]
 [5.74382539e-04 0.00000000e+00 0.00000000e+00 5.23560209e-03
  5.91016548e-04 0.00000000e+00 0.00000000e+00 0.00000000e+00
  0.00000000e+00 1.00000000e+00]]
matrix:[[1.00000000e+00 0.00000000e+00 0.00000000e+00 1.39291933e-02
  0.00000000e+00 0.00000000e+00 2.30017251e-03 0.00000000e+00
  5.01827040e-01 0.00000000e+00]
 [0.00000000e+00 1.00000000e+00 0.00000000e+00 0.00000000e+00
  0.00000000e+00 0.00000000e+00 4.02530190e-03 0.00000000e+00
  0.00000000e+00 0.00000000e+00]
 [0.00000000e+00 0.00000000e+00 1.00000000e+00 0.00000000e+00
  0.00000000e+00 0.00000000e+00 1.72512938e-03 0.00000000e+00
  0.00000000e+00 0.00000000e+00]
 [0.00000000e+00 0.00000000e+00 0.00000000e+00 9.84329658e-01
  2.97885016e-04 0.00000000e+00 2.30017251e-03 0.00000000e+00
  1.21802680e-03 0.00000000e+00]
 [0.00000000e+00 0.00000000e+00 0.00000000e+00 0.00000000e+00
  4.95978552e-01 0.00000000e+00 2.30017251e-03 0.00000000e+00
  2.13154689e-03 0.00000000e+00]
 [0.00000000e+00 0.00000000e+00 0.00000000e+00 0.00000000e+00
  0.00000000e+00 1.00000000e+00 2.30017251e-03 0.00000000e+00
  0.00000000e+00 0.00000000e+00]
 [0.00000000e+00 0.00000000e+00 0.00000000e+00 0.00000000e+00
  0.00000000e+00 0.00000000e+00 9.76423232e-01 0.00000000e+00
  0.00000000e+00 0.00000000e+00]
 [0.00000000e+00 0.00000000e+00 0.00000000e+00 0.00000000e+00
  2.97885016e-04 0.00000000e+00 2.30017251e-03 1.00000000e+00
  6.09013398e-04 0.00000000e+00]
 [0.00000000e+00 0.00000000e+00 0.00000000e+00 0.00000000e+00
  0.00000000e+00 0.00000000e+00 3.45025877e-03 0.00000000e+00
  4.92387333e-01 0.00000000e+00]
 [0.00000000e+00 0.00000000e+00 0.00000000e+00 1.74114916e-03
  5.03425678e-01 0.00000000e+00 2.87521564e-03 0.00000000e+00
  1.82704019e-03 0.00000000e+00]]
matrix:[[0.00000000e+00 0.00000000e+00 0.00000000e+00 0.00000000e+00
  0.00000000e+00 0.00000000e+00 0.00000000e+00 1.66912126e-01
  0.00000000e+00 0.00000000e+00]
 [0.00000000e+00 1.00000000e+00 0.00000000e+00 0.00000000e+00
  0.00000000e+00 0.00000000e+00 0.00000000e+00 3.92734413e-04
  0.00000000e+00 0.00000000e+00]
 [0.00000000e+00 0.00000000e+00 1.00000000e+00 0.00000000e+00
  0.00000000e+00 0.00000000e+00 0.00000000e+00 5.89101620e-04
  0.00000000e+00 0.00000000e+00]
 [0.00000000e+00 0.00000000e+00 0.00000000e+00 0.00000000e+00
  0.00000000e+00 0.00000000e+00 0.00000000e+00 1.67403044e-01
  0.00000000e+00 5.00000000e-01]
 [0.00000000e+00 0.00000000e+00 0.00000000e+00 0.00000000e+00
  0.00000000e+00 0.00000000e+00 0.00000000e+00 1.65930290e-01
  0.00000000e+00 0.00000000e+00]
 [0.00000000e+00 0.00000000e+00 0.00000000e+00 0.00000000e+00
  0.00000000e+00 1.00000000e+00 5.84453536e-04 2.94550810e-04
  0.00000000e+00 0.00000000e+00]
 [0.00000000e+00 0.00000000e+00 0.00000000e+00 0.00000000e+00
  0.00000000e+00 0.00000000e+00 9.99415546e-01 4.90918017e-04
  0.00000000e+00 5.00000000e-01]
 [0.00000000e+00 0.00000000e+00 0.00000000e+00 0.00000000e+00
  0.00000000e+00 0.00000000e+00 0.00000000e+00 1.64850270e-01
  0.00000000e+00 0.00000000e+00]
 [0.00000000e+00 0.00000000e+00 0.00000000e+00 0.00000000e+00
  0.00000000e+00 0.00000000e+00 0.00000000e+00 1.63770250e-01
  0.00000000e+00 0.00000000e+00]
 [0.00000000e+00 0.00000000e+00 0.00000000e+00 0.00000000e+00
  0.00000000e+00 0.00000000e+00 0.00000000e+00 1.69366716e-01
  0.00000000e+00 0.00000000e+00]]
matrix:[[9.90820425e-01 0.00000000e+00 0.00000000e+00 5.82411182e-04
  0.00000000e+00 0.00000000e+00 0.00000000e+00 0.00000000e+00
  2.32018561e-03 0.00000000e+00]
 [5.73723465e-04 3.29648638e-01 0.00000000e+00 0.00000000e+00
  0.00000000e+00 0.00000000e+00 5.85137507e-04 0.00000000e+00
  2.90023202e-03 0.00000000e+00]
 [0.00000000e+00 3.32609554e-01 0.00000000e+00 0.00000000e+00
  0.00000000e+00 0.00000000e+00 0.00000000e+00 0.00000000e+00
  1.74013921e-03 0.00000000e+00]
 [5.73723465e-04 0.00000000e+00 0.00000000e+00 9.98252766e-01
  0.00000000e+00 0.00000000e+00 0.00000000e+00 0.00000000e+00
  2.32018561e-03 0.00000000e+00]
 [4.01606426e-03 0.00000000e+00 0.00000000e+00 5.82411182e-04
  0.00000000e+00 0.00000000e+00 0.00000000e+00 0.00000000e+00
  2.32018561e-03 4.98361632e-01]
 [0.00000000e+00 3.37741808e-01 0.00000000e+00 0.00000000e+00
  0.00000000e+00 0.00000000e+00 5.85137507e-04 0.00000000e+00
  3.48027842e-03 0.00000000e+00]
 [0.00000000e+00 0.00000000e+00 0.00000000e+00 0.00000000e+00
  0.00000000e+00 0.00000000e+00 9.98829725e-01 0.00000000e+00
  2.90023202e-03 0.00000000e+00]
 [1.14744693e-03 0.00000000e+00 0.00000000e+00 5.82411182e-04
  0.00000000e+00 0.00000000e+00 0.00000000e+00 1.00000000e+00
  4.06032483e-03 0.00000000e+00]
 [1.14744693e-03 0.00000000e+00 0.00000000e+00 0.00000000e+00
  0.00000000e+00 0.00000000e+00 0.00000000e+00 0.00000000e+00
  9.74477958e-01 0.00000000e+00]
 [1.72117040e-03 0.00000000e+00 0.00000000e+00 0.00000000e+00
  0.00000000e+00 0.00000000e+00 0.00000000e+00 0.00000000e+00
  3.48027842e-03 5.01638368e-01]]
