matrix:[[0.         0.         0.         0.         0.         0.
  0.         0.         0.         0.098     ]
 [0.         0.         0.         0.         0.         0.
  0.         0.         0.         0.10158824]
 [0.         0.         0.         0.         0.         0.
  0.         0.         0.         0.09782353]
 [0.         0.         0.         0.         0.         0.
  0.         0.         0.         0.10111765]
 [0.         0.         0.         0.         0.         0.
  0.         0.         0.         0.09694118]
 [0.         0.         0.         0.         0.         0.
  0.         0.         0.         0.10123529]
 [0.         0.         0.         0.         0.         0.
  0.         0.         0.         0.10623529]
 [0.         0.         0.         0.         0.         0.
  0.         0.         0.         0.09570588]
 [0.         0.         0.         0.         0.         0.
  0.         0.         0.         0.10194118]
 [0.         0.         0.         0.         0.         0.
  0.         0.         0.         0.09941176]]
matrix:[[0.         0.         0.10270588 0.         0.         0.
  0.         0.         0.         0.        ]
 [0.         0.         0.10029412 0.         0.         0.
  0.         0.         0.         0.        ]
 [0.         0.         0.09758824 0.         0.         0.
  0.         0.         0.         0.        ]
 [0.         0.         0.09888235 0.         0.         0.
  0.         0.         0.         0.        ]
 [0.         0.         0.10164706 0.         0.         0.
  0.         0.         0.         0.        ]
 [0.         0.         0.09958824 0.         0.         0.
  0.         0.         0.         0.        ]
 [0.         0.         0.09958824 0.         0.         0.
  0.         0.         0.         0.        ]
 [0.         0.         0.09635294 0.         0.         0.
  0.         0.         0.         0.        ]
 [0.         0.         0.10252941 0.         0.         0.
  0.         0.         0.         0.        ]
 [0.         0.         0.10082353 0.         0.         0.
  0.         0.         0.         0.        ]]
matrix:[[0.         0.         0.         0.10129412 0.         0.
  0.         0.         0.         0.        ]
 [0.         0.         0.         0.09847059 0.         0.
  0.         0.         0.         0.        ]
 [0.         0.         0.         0.10211765 0.         0.
  0.         0.         0.         0.        ]
 [0.         0.         0.         0.09841176 0.         0.
  0.         0.         0.         0.        ]
 [0.         0.         0.         0.09970588 0.         0.
  0.         0.         0.         0.        ]
 [0.         0.         0.         0.10223529 0.         0.
  0.         0.         0.         0.        ]
 [0.         0.         0.         0.09917647 0.         0.
  0.         0.         0.         0.        ]
 [0.         0.         0.         0.101      0.         0.
  0.         0.         0.         0.        ]
 [0.         0.         0.         0.09964706 0.         0.
  0.         0.         0.         0.        ]
 [0.         0.         0.         0.09794118 0.         0.
  0.         0.         0.         0.        ]]
matrix:[[0.         0.         0.09947059 0.         0.         0.
  0.         0.         0.         0.        ]
 [0.         0.         0.09988235 0.         0.         0.
  0.         0.         0.         0.        ]
 [0.         0.         0.10135294 0.         0.         0.
  0.         0.         0.         0.        ]
 [0.         0.         0.10164706 0.         0.         0.
  0.         0.         0.         0.        ]
 [0.         0.         0.09905882 0.         0.         0.
  0.         0.         0.         0.        ]
 [0.         0.         0.10029412 0.         0.         0.
  0.         0.         0.         0.        ]
 [0.         0.         0.10117647 0.         0.         0.
  0.         0.         0.         0.        ]
 [0.         0.         0.1        0.         0.         0.
  0.         0.         0.         0.        ]
 [0.         0.         0.09647059 0.         0.         0.
  0.         0.         0.         0.        ]
 [0.         0.         0.10064706 0.         0.         0.
  0.         0.         0.         0.        ]]
matrix:[[0.         0.         0.09929412 0.         0.         0.
  0.         0.         0.         0.        ]
 [0.         0.         0.09676471 0.         0.         0.
  0.         0.         0.         0.        ]
 [0.         0.         0.10041176 0.         0.         0.
  0.         0.         0.         0.        ]
 [0.         0.         0.09858824 0.         0.         0.
  0.         0.         0.         0.        ]
 [0.         0.         0.10082353 0.         0.         0.
  0.         0.         0.         0.        ]
 [0.         0.         0.09976471 0.         0.         0.
  0.         0.         0.         0.        ]
 [0.         0.         0.10135294 0.         0.         0.
  0.         0.         0.         0.        ]
 [0.         0.         0.098      0.         0.         0.
  0.         0.         0.         0.        ]
 [0.         0.         0.10047059 0.         0.         0.
  0.         0.         0.         0.        ]
 [0.         0.         0.10452941 0.         0.         0.
  0.         0.         0.         0.        ]]
matrix:[[0.         0.         0.         0.         0.10111765 0.
  0.         0.         0.         0.        ]
 [0.         0.         0.         0.         0.10117647 0.
  0.         0.         0.         0.        ]
 [0.         0.         0.         0.         0.09982353 0.
  0.         0.         0.         0.        ]
 [0.         0.         0.         0.         0.09770588 0.
  0.         0.         0.         0.        ]
 [0.         0.         0.         0.         0.09423529 0.
  0.         0.         0.         0.        ]
 [0.         0.         0.         0.         0.10076471 0.
  0.         0.         0.         0.        ]
 [0.         0.         0.         0.         0.10123529 0.
  0.         0.         0.         0.        ]
 [0.         0.         0.         0.         0.10247059 0.
  0.         0.         0.         0.        ]
 [0.         0.         0.         0.         0.09788235 0.
  0.         0.         0.         0.        ]
 [0.         0.         0.         0.         0.10358824 0.
  0.         0.         0.         0.        ]]
matrix:[[0.         0.         0.         0.         0.         0.
  0.         0.         0.         0.10117647]
 [0.         0.         0.         0.         0.         0.
  0.         0.         0.         0.09705882]
 [0.         0.         0.         0.         0.         0.
  0.         0.         0.         0.097     ]
 [0.         0.         0.         0.         0.         0.
  0.         0.         0.         0.10117647]
 [0.         0.         0.         0.         0.         0.
  0.         0.         0.         0.09594118]
 [0.         0.         0.         0.         0.         0.
  0.         0.         0.         0.09835294]
 [0.         0.         0.         0.         0.         0.
  0.         0.         0.         0.10129412]
 [0.         0.         0.         0.         0.         0.
  0.         0.         0.         0.10229412]
 [0.         0.         0.         0.         0.         0.
  0.         0.         0.         0.104     ]
 [0.         0.         0.         0.         0.         0.
  0.         0.         0.         0.10170588]]
matrix:[[0.         0.         0.10282353 0.         0.         0.
  0.         0.         0.         0.        ]
 [0.         0.         0.09494118 0.         0.         0.
  0.         0.         0.         0.        ]
 [0.         0.         0.09705882 0.         0.         0.
  0.         0.         0.         0.        ]
 [0.         0.         0.101      0.         0.         0.
  0.         0.         0.         0.        ]
 [0.         0.         0.09976471 0.         0.         0.
  0.         0.         0.         0.        ]
 [0.         0.         0.10082353 0.         0.         0.
  0.         0.         0.         0.        ]
 [0.         0.         0.09829412 0.         0.         0.
  0.         0.         0.         0.        ]
 [0.         0.         0.10388235 0.         0.         0.
  0.         0.         0.         0.        ]
 [0.         0.         0.09788235 0.         0.         0.
  0.         0.         0.         0.        ]
 [0.         0.         0.10352941 0.         0.         0.
  0.         0.         0.         0.        ]]
matrix:[[0.         0.         0.         0.         0.         0.09764706
  0.         0.         0.         0.        ]
 [0.         0.         0.         0.         0.         0.1
  0.         0.         0.         0.        ]
 [0.         0.         0.         0.         0.         0.10176471
  0.         0.         0.         0.        ]
 [0.         0.         0.         0.         0.         0.10117647
  0.         0.         0.         0.        ]
 [0.         0.         0.         0.         0.         0.10147059
  0.         0.         0.         0.        ]
 [0.         0.         0.         0.         0.         0.09952941
  0.         0.         0.         0.        ]
 [0.         0.         0.         0.         0.         0.10194118
  0.         0.         0.         0.        ]
 [0.         0.         0.         0.         0.         0.09882353
  0.         0.         0.         0.        ]
 [0.         0.         0.         0.         0.         0.09641176
  0.         0.         0.         0.        ]
 [0.         0.         0.         0.         0.         0.10123529
  0.         0.         0.         0.        ]]
matrix:[[0.         0.         0.         0.         0.         0.10064706
  0.         0.         0.         0.        ]
 [0.         0.         0.         0.         0.         0.09776471
  0.         0.         0.         0.        ]
 [0.         0.         0.         0.         0.         0.09864706
  0.         0.         0.         0.        ]
 [0.         0.         0.         0.         0.         0.10147059
  0.         0.         0.         0.        ]
 [0.         0.         0.         0.         0.         0.097
  0.         0.         0.         0.        ]
 [0.         0.         0.         0.         0.         0.09905882
  0.         0.         0.         0.        ]
 [0.         0.         0.         0.         0.         0.10111765
  0.         0.         0.         0.        ]
 [0.         0.         0.         0.         0.         0.10323529
  0.         0.         0.         0.        ]
 [0.         0.         0.         0.         0.         0.09952941
  0.         0.         0.         0.        ]
 [0.         0.         0.         0.         0.         0.10152941
  0.         0.         0.         0.        ]]
