matrix:[[0.         0.         0.         0.         0.         0.
  0.         0.10264706 0.         0.        ]
 [0.         0.         0.         0.         0.         0.
  0.         0.10082353 0.         0.        ]
 [0.         0.         0.         0.         0.         0.
  0.         0.09835294 0.         0.        ]
 [0.         0.         0.         0.         0.         0.
  0.         0.09988235 0.         0.        ]
 [0.         0.         0.         0.         0.         0.
  0.         0.09758824 0.         0.        ]
 [0.         0.         0.         0.         0.         0.
  0.         0.10211765 0.         0.        ]
 [0.         0.         0.         0.         0.         0.
  0.         0.10482353 0.         0.        ]
 [0.         0.         0.         0.         0.         0.
  0.         0.09811765 0.         0.        ]
 [0.         0.         0.         0.         0.         0.
  0.         0.09794118 0.         0.        ]
 [0.         0.         0.         0.         0.         0.
  0.         0.09770588 0.         0.        ]]
matrix:[[0.         0.         0.         0.         0.         0.
  0.         0.09964706 0.         0.        ]
 [0.         0.         0.         0.         0.         0.
  0.         0.10170588 0.         0.        ]
 [0.         0.         0.         0.         0.         0.
  0.         0.09829412 0.         0.        ]
 [0.         0.         0.         0.         0.         0.
  0.         0.09982353 0.         0.        ]
 [0.         0.         0.         0.         0.         0.
  0.         0.09929412 0.         0.        ]
 [0.         0.         0.         0.         0.         0.
  0.         0.09905882 0.         0.        ]
 [0.         0.         0.         0.         0.         0.
  0.         0.09841176 0.         0.        ]
 [0.         0.         0.         0.         0.         0.
  0.         0.10417647 0.         0.        ]
 [0.         0.         0.         0.         0.         0.
  0.         0.09888235 0.         0.        ]
 [0.         0.         0.         0.         0.         0.
  0.         0.10070588 0.         0.        ]]
matrix:[[0.         0.         0.09929412 0.         0.         0.
  0.         0.         0.         0.        ]
 [0.         0.         0.09982353 0.         0.         0.
  0.         0.         0.         0.        ]
 [0.         0.         0.09929412 0.         0.         0.
  0.         0.         0.         0.        ]
 [0.         0.         0.10088235 0.         0.         0.
  0.         0.         0.         0.        ]
 [0.         0.         0.09941176 0.         0.         0.
  0.         0.         0.         0.        ]
 [0.         0.         0.10052941 0.         0.         0.
  0.         0.         0.         0.        ]
 [0.         0.         0.10276471 0.         0.         0.
  0.         0.         0.         0.        ]
 [0.         0.         0.09776471 0.         0.         0.
  0.         0.         0.         0.        ]
 [0.         0.         0.09870588 0.         0.         0.
  0.         0.         0.         0.        ]
 [0.         0.         0.10152941 0.         0.         0.
  0.         0.         0.         0.        ]]
matrix:[[0.         0.         0.         0.         0.         0.
  0.         0.10264706 0.         0.        ]
 [0.         0.         0.         0.         0.         0.
  0.         0.10070588 0.         0.        ]
 [0.         0.         0.         0.         0.         0.
  0.         0.10217647 0.         0.        ]
 [0.         0.         0.         0.         0.         0.
  0.         0.10082353 0.         0.        ]
 [0.         0.         0.         0.         0.         0.
  0.         0.09876471 0.         0.        ]
 [0.         0.         0.         0.         0.         0.
  0.         0.09964706 0.         0.        ]
 [0.         0.         0.         0.         0.         0.
  0.         0.10005882 0.         0.        ]
 [0.         0.         0.         0.         0.         0.
  0.         0.09852941 0.         0.        ]
 [0.         0.         0.         0.         0.         0.
  0.         0.09670588 0.         0.        ]
 [0.         0.         0.         0.         0.         0.
  0.         0.09994118 0.         0.        ]]
