matrix:[[0.09847059 0.         0.         0.         0.         0.
  0.         0.         0.         0.        ]
 [0.10105882 0.         0.         0.         0.         0.
  0.         0.         0.         0.        ]
 [0.09788235 0.         0.         0.         0.         0.
  0.         0.         0.         0.        ]
 [0.099      0.         0.         0.         0.         0.
  0.         0.         0.         0.        ]
 [0.10188235 0.         0.         0.         0.         0.
  0.         0.         0.         0.        ]
 [0.10352941 0.         0.         0.         0.         0.
  0.         0.         0.         0.        ]
 [0.10111765 0.         0.         0.         0.         0.
  0.         0.         0.         0.        ]
 [0.09747059 0.         0.         0.         0.         0.
  0.         0.         0.         0.        ]
 [0.10017647 0.         0.         0.         0.         0.
  0.         0.         0.         0.        ]
 [0.09941176 0.         0.         0.         0.         0.
  0.         0.         0.         0.        ]]
matrix:[[0.         0.         0.         0.         0.         0.
  0.         0.         0.09841176 0.        ]
 [0.         0.         0.         0.         0.         0.
  0.         0.         0.10270588 0.        ]
 [0.         0.         0.         0.         0.         0.
  0.         0.         0.09776471 0.        ]
 [0.         0.         0.         0.         0.         0.
  0.         0.         0.09970588 0.        ]
 [0.         0.         0.         0.         0.         0.
  0.         0.         0.09776471 0.        ]
 [0.         0.         0.         0.         0.         0.
  0.         0.         0.09994118 0.        ]
 [0.         0.         0.         0.         0.         0.
  0.         0.         0.10147059 0.        ]
 [0.         0.         0.         0.         0.         0.
  0.         0.         0.09970588 0.        ]
 [0.         0.         0.         0.         0.         0.
  0.         0.         0.10152941 0.        ]
 [0.         0.         0.         0.         0.         0.
  0.         0.         0.101      0.        ]]
matrix:[[0.         0.         0.         0.10041176 0.         0.
  0.         0.         0.         0.        ]
 [0.         0.         0.         0.10052941 0.         0.
  0.         0.         0.         0.        ]
 [0.         0.         0.         0.09705882 0.         0.
  0.         0.         0.         0.        ]
 [0.         0.         0.         0.09976471 0.         0.
  0.         0.         0.         0.        ]
 [0.         0.         0.         0.09882353 0.         0.
  0.         0.         0.         0.        ]
 [0.         0.         0.         0.09911765 0.         0.
  0.         0.         0.         0.        ]
 [0.         0.         0.         0.10147059 0.         0.
  0.         0.         0.         0.        ]
 [0.         0.         0.         0.10317647 0.         0.
  0.         0.         0.         0.        ]
 [0.         0.         0.         0.09923529 0.         0.
  0.         0.         0.         0.        ]
 [0.         0.         0.         0.10041176 0.         0.
  0.         0.         0.         0.        ]]
matrix:[[0.         0.         0.         0.         0.10182353 0.
  0.         0.         0.         0.        ]
 [0.         0.         0.         0.         0.09970588 0.
  0.         0.         0.         0.        ]
 [0.         0.         0.         0.         0.101      0.
  0.         0.         0.         0.        ]
 [0.         0.         0.         0.         0.09841176 0.
  0.         0.         0.         0.        ]
 [0.         0.         0.         0.         0.10117647 0.
  0.         0.         0.         0.        ]
 [0.         0.         0.         0.         0.10258824 0.
  0.         0.         0.         0.        ]
 [0.         0.         0.         0.         0.1        0.
  0.         0.         0.         0.        ]
 [0.         0.         0.         0.         0.09917647 0.
  0.         0.         0.         0.        ]
 [0.         0.         0.         0.         0.09611765 0.
  0.         0.         0.         0.        ]
 [0.         0.         0.         0.         0.1        0.
  0.         0.         0.         0.        ]]
matrix:[[0.         0.         0.         0.09617647 0.         0.
  0.         0.         0.         0.        ]
 [0.         0.         0.         0.10241176 0.         0.
  0.         0.         0.         0.        ]
 [0.         0.         0.         0.10205882 0.         0.
  0.         0.         0.         0.        ]
 [0.         0.         0.         0.09911765 0.         0.
  0.         0.         0.         0.        ]
 [0.         0.         0.         0.09723529 0.         0.
  0.         0.         0.         0.        ]
 [0.         0.         0.         0.10152941 0.         0.
  0.         0.         0.         0.        ]
 [0.         0.         0.         0.09941176 0.         0.
  0.         0.         0.         0.        ]
 [0.         0.         0.         0.10205882 0.         0.
  0.         0.         0.         0.        ]
 [0.         0.         0.         0.09947059 0.         0.
  0.         0.         0.         0.        ]
 [0.         0.         0.         0.10052941 0.         0.
  0.         0.         0.         0.        ]]
matrix:[[0.         0.         0.         0.         0.         0.10188235
  0.         0.         0.         0.        ]
 [0.         0.         0.         0.         0.         0.09688235
  0.         0.         0.         0.        ]
 [0.         0.         0.         0.         0.         0.09976471
  0.         0.         0.         0.        ]
 [0.         0.         0.         0.         0.         0.10005882
  0.         0.         0.         0.        ]
 [0.         0.         0.         0.         0.         0.09923529
  0.         0.         0.         0.        ]
 [0.         0.         0.         0.         0.         0.098
  0.         0.         0.         0.        ]
 [0.         0.         0.         0.         0.         0.10382353
  0.         0.         0.         0.        ]
 [0.         0.         0.         0.         0.         0.09741176
  0.         0.         0.         0.        ]
 [0.         0.         0.         0.         0.         0.10282353
  0.         0.         0.         0.        ]
 [0.         0.         0.         0.         0.         0.10011765
  0.         0.         0.         0.        ]]
matrix:[[0.         0.         0.         0.         0.09741176 0.
  0.         0.         0.         0.        ]
 [0.         0.         0.         0.         0.103      0.
  0.         0.         0.         0.        ]
 [0.         0.         0.         0.         0.09711765 0.
  0.         0.         0.         0.        ]
 [0.         0.         0.         0.         0.09882353 0.
  0.         0.         0.         0.        ]
 [0.         0.         0.         0.         0.09547059 0.
  0.         0.         0.         0.        ]
 [0.         0.         0.         0.         0.10105882 0.
  0.         0.         0.         0.        ]
 [0.         0.         0.         0.         0.10164706 0.
  0.         0.         0.         0.        ]
 [0.         0.         0.         0.         0.09941176 0.
  0.         0.         0.         0.        ]
 [0.         0.         0.         0.         0.10376471 0.
  0.         0.         0.         0.        ]
 [0.         0.         0.         0.         0.10229412 0.
  0.         0.         0.         0.        ]]
matrix:[[0.         0.         0.         0.10023529 0.         0.
  0.         0.         0.         0.        ]
 [0.         0.         0.         0.10247059 0.         0.
  0.         0.         0.         0.        ]
 [0.         0.         0.         0.10276471 0.         0.
  0.         0.         0.         0.        ]
 [0.         0.         0.         0.10041176 0.         0.
  0.         0.         0.         0.        ]
 [0.         0.         0.         0.10052941 0.         0.
  0.         0.         0.         0.        ]
 [0.         0.         0.         0.10141176 0.         0.
  0.         0.         0.         0.        ]
 [0.         0.         0.         0.09958824 0.         0.
  0.         0.         0.         0.        ]
 [0.         0.         0.         0.09482353 0.         0.
  0.         0.         0.         0.        ]
 [0.         0.         0.         0.09794118 0.         0.
  0.         0.         0.         0.        ]
 [0.         0.         0.         0.09982353 0.         0.
  0.         0.         0.         0.        ]]
matrix:[[0.         0.         0.         0.         0.         0.
  0.         0.10129412 0.         0.        ]
 [0.         0.         0.         0.         0.         0.
  0.         0.10041176 0.         0.        ]
 [0.         0.         0.         0.         0.         0.
  0.         0.09911765 0.         0.        ]
 [0.         0.         0.         0.         0.         0.
  0.         0.10211765 0.         0.        ]
 [0.         0.         0.         0.         0.         0.
  0.         0.09729412 0.         0.        ]
 [0.         0.         0.         0.         0.         0.
  0.         0.09952941 0.         0.        ]
 [0.         0.         0.         0.         0.         0.
  0.         0.09794118 0.         0.        ]
 [0.         0.         0.         0.         0.         0.
  0.         0.10111765 0.         0.        ]
 [0.         0.         0.         0.         0.         0.
  0.         0.10394118 0.         0.        ]
 [0.         0.         0.         0.         0.         0.
  0.         0.09723529 0.         0.        ]]
matrix:[[0.09576471 0.         0.         0.         0.         0.
  0.         0.         0.         0.        ]
 [0.09947059 0.         0.         0.         0.         0.
  0.         0.         0.         0.        ]
 [0.09729412 0.         0.         0.         0.         0.
  0.         0.         0.         0.        ]
 [0.09988235 0.         0.         0.         0.         0.
  0.         0.         0.         0.        ]
 [0.09894118 0.         0.         0.         0.         0.
  0.         0.         0.         0.        ]
 [0.09923529 0.         0.         0.         0.         0.
  0.         0.         0.         0.        ]
 [0.10211765 0.         0.         0.         0.         0.
  0.         0.         0.         0.        ]
 [0.101      0.         0.         0.         0.         0.
  0.         0.         0.         0.        ]
 [0.10352941 0.         0.         0.         0.         0.
  0.         0.         0.         0.        ]
 [0.10276471 0.         0.         0.         0.         0.
  0.         0.         0.         0.        ]]
