matrix:[[1.00000000e+00 0.00000000e+00 1.10375276e-03 ... 0.00000000e+00
  0.00000000e+00 0.00000000e+00]
 [0.00000000e+00 1.00000000e+00 2.20750552e-03 ... 0.00000000e+00
  0.00000000e+00 0.00000000e+00]
 [0.00000000e+00 0.00000000e+00 9.61920530e-01 ... 0.00000000e+00
  0.00000000e+00 0.00000000e+00]
 ...
 [0.00000000e+00 0.00000000e+00 0.00000000e+00 ... 1.00000000e+00
  0.00000000e+00 0.00000000e+00]
 [0.00000000e+00 0.00000000e+00 1.10375276e-03 ... 0.00000000e+00
  9.97630332e-01 0.00000000e+00]
 [0.00000000e+00 0.00000000e+00 5.51876380e-04 ... 0.00000000e+00
  0.00000000e+00 1.00000000e+00]]
matrix:[[1.       0.       0.       ... 0.       0.       0.      ]
 [0.       1.       0.       ... 0.       0.       0.      ]
 [0.       0.       1.       ... 0.       0.       0.      ]
 ...
 [0.       0.       0.       ... 0.997558 0.       0.      ]
 [0.       0.       0.       ... 0.       1.       0.      ]
 [0.       0.       0.       ... 0.       0.       1.      ]]
matrix:[[1.00000000e+00 0.00000000e+00 0.00000000e+00 ... 0.00000000e+00
  5.87199060e-04 0.00000000e+00]
 [0.00000000e+00 1.00000000e+00 0.00000000e+00 ... 0.00000000e+00
  0.00000000e+00 0.00000000e+00]
 [0.00000000e+00 0.00000000e+00 9.95887192e-01 ... 0.00000000e+00
  5.87199060e-04 0.00000000e+00]
 ...
 [0.00000000e+00 0.00000000e+00 0.00000000e+00 ... 1.00000000e+00
  0.00000000e+00 0.00000000e+00]
 [0.00000000e+00 0.00000000e+00 0.00000000e+00 ... 0.00000000e+00
  9.92953611e-01 0.00000000e+00]
 [0.00000000e+00 0.00000000e+00 0.00000000e+00 ... 0.00000000e+00
  0.00000000e+00 1.00000000e+00]]
matrix:[[1.         0.         0.         ... 0.         0.         0.        ]
 [0.         1.         0.         ... 0.         0.         0.        ]
 [0.         0.         1.         ... 0.         0.         0.        ]
 ...
 [0.         0.         0.         ... 1.         0.         0.        ]
 [0.         0.         0.         ... 0.         0.99768786 0.        ]
 [0.         0.         0.         ... 0.         0.         1.        ]]
matrix:[[0.00000000e+00 1.95820694e-01 0.00000000e+00 ... 0.00000000e+00
  0.00000000e+00 0.00000000e+00]
 [0.00000000e+00 1.89079879e-01 0.00000000e+00 ... 0.00000000e+00
  0.00000000e+00 0.00000000e+00]
 [0.00000000e+00 8.98775418e-04 9.88214496e-01 ... 0.00000000e+00
  0.00000000e+00 0.00000000e+00]
 ...
 [0.00000000e+00 7.86428491e-04 0.00000000e+00 ... 1.00000000e+00
  0.00000000e+00 0.00000000e+00]
 [0.00000000e+00 1.34816313e-03 0.00000000e+00 ... 0.00000000e+00
  1.00000000e+00 0.00000000e+00]
 [0.00000000e+00 1.97056511e-01 0.00000000e+00 ... 0.00000000e+00
  0.00000000e+00 0.00000000e+00]]
matrix:[[1.         0.         0.         ... 0.         0.         0.        ]
 [0.         1.         0.         ... 0.         0.         0.        ]
 [0.         0.         0.50905374 ... 0.         0.         0.        ]
 ...
 [0.         0.         0.         ... 0.24619744 0.         0.        ]
 [0.         0.         0.         ... 0.         0.9981895  0.        ]
 [0.         0.         0.         ... 0.         0.         1.        ]]
matrix:[[0.99940476 0.         0.         ... 0.         0.         0.        ]
 [0.         0.99940582 0.         ... 0.         0.         0.        ]
 [0.         0.         1.         ... 0.         0.         0.        ]
 ...
 [0.         0.         0.         ... 1.         0.         0.        ]
 [0.         0.         0.         ... 0.         1.         0.        ]
 [0.         0.         0.         ... 0.         0.         1.        ]]
