matrix:[[9.84993998e-01 0.00000000e+00 0.00000000e+00 0.00000000e+00
  0.00000000e+00 2.39520958e-03 0.00000000e+00 0.00000000e+00
  0.00000000e+00 0.00000000e+00]
 [6.00240096e-04 1.00000000e+00 0.00000000e+00 0.00000000e+00
  0.00000000e+00 1.79640719e-03 0.00000000e+00 0.00000000e+00
  0.00000000e+00 0.00000000e+00]
 [6.00240096e-04 0.00000000e+00 1.00000000e+00 0.00000000e+00
  0.00000000e+00 2.99401198e-03 0.00000000e+00 0.00000000e+00
  0.00000000e+00 0.00000000e+00]
 [3.00120048e-03 0.00000000e+00 0.00000000e+00 1.00000000e+00
  0.00000000e+00 1.79640719e-03 0.00000000e+00 0.00000000e+00
  0.00000000e+00 0.00000000e+00]
 [3.60144058e-03 0.00000000e+00 0.00000000e+00 0.00000000e+00
  1.00000000e+00 5.98802395e-04 0.00000000e+00 0.00000000e+00
  1.72512938e-03 0.00000000e+00]
 [0.00000000e+00 0.00000000e+00 0.00000000e+00 0.00000000e+00
  0.00000000e+00 9.83832335e-01 0.00000000e+00 0.00000000e+00
  0.00000000e+00 0.00000000e+00]
 [6.00240096e-04 0.00000000e+00 0.00000000e+00 0.00000000e+00
  0.00000000e+00 1.19760479e-03 1.00000000e+00 0.00000000e+00
  0.00000000e+00 0.00000000e+00]
 [0.00000000e+00 0.00000000e+00 0.00000000e+00 0.00000000e+00
  0.00000000e+00 1.79640719e-03 0.00000000e+00 1.00000000e+00
  0.00000000e+00 0.00000000e+00]
 [3.00120048e-03 0.00000000e+00 0.00000000e+00 0.00000000e+00
  0.00000000e+00 1.79640719e-03 0.00000000e+00 0.00000000e+00
  9.98274871e-01 0.00000000e+00]
 [3.60144058e-03 0.00000000e+00 0.00000000e+00 0.00000000e+00
  0.00000000e+00 1.79640719e-03 0.00000000e+00 0.00000000e+00
  0.00000000e+00 1.00000000e+00]]
matrix:[[0.00000000e+00 1.15141048e-03 0.00000000e+00 3.26506729e-01
  0.00000000e+00 0.00000000e+00 0.00000000e+00 0.00000000e+00
  0.00000000e+00 0.00000000e+00]
 [0.00000000e+00 9.70639033e-01 0.00000000e+00 0.00000000e+00
  6.02772755e-04 0.00000000e+00 0.00000000e+00 0.00000000e+00
  0.00000000e+00 0.00000000e+00]
 [0.00000000e+00 2.87852619e-03 4.90699734e-01 0.00000000e+00
  0.00000000e+00 0.00000000e+00 0.00000000e+00 0.00000000e+00
  0.00000000e+00 0.00000000e+00]
 [0.00000000e+00 4.02993667e-03 0.00000000e+00 3.38989663e-01
  6.02772755e-04 0.00000000e+00 0.00000000e+00 0.00000000e+00
  0.00000000e+00 0.00000000e+00]
 [0.00000000e+00 5.18134715e-03 0.00000000e+00 1.95045836e-04
  9.98794454e-01 0.00000000e+00 0.00000000e+00 0.00000000e+00
  0.00000000e+00 5.97371565e-04]
 [0.00000000e+00 1.15141048e-03 5.09300266e-01 0.00000000e+00
  0.00000000e+00 0.00000000e+00 0.00000000e+00 0.00000000e+00
  0.00000000e+00 0.00000000e+00]
 [0.00000000e+00 1.72711572e-03 0.00000000e+00 0.00000000e+00
  0.00000000e+00 0.00000000e+00 1.00000000e+00 0.00000000e+00
  0.00000000e+00 0.00000000e+00]
 [0.00000000e+00 4.60564191e-03 0.00000000e+00 0.00000000e+00
  0.00000000e+00 0.00000000e+00 0.00000000e+00 1.00000000e+00
  0.00000000e+00 0.00000000e+00]
 [0.00000000e+00 2.87852619e-03 0.00000000e+00 3.33723425e-01
  0.00000000e+00 0.00000000e+00 0.00000000e+00 0.00000000e+00
  0.00000000e+00 0.00000000e+00]
 [0.00000000e+00 5.75705239e-03 0.00000000e+00 5.85137507e-04
  0.00000000e+00 0.00000000e+00 0.00000000e+00 0.00000000e+00
  0.00000000e+00 9.99402628e-01]]
matrix:[[1.00000000e+00 0.00000000e+00 0.00000000e+00 0.00000000e+00
  2.41400121e-03 0.00000000e+00 2.32558140e-03 0.00000000e+00
  0.00000000e+00 0.00000000e+00]
 [0.00000000e+00 1.00000000e+00 0.00000000e+00 0.00000000e+00
  0.00000000e+00 0.00000000e+00 2.90697674e-03 0.00000000e+00
  0.00000000e+00 0.00000000e+00]
 [0.00000000e+00 0.00000000e+00 1.00000000e+00 0.00000000e+00
  0.00000000e+00 0.00000000e+00 2.32558140e-03 0.00000000e+00
  0.00000000e+00 0.00000000e+00]
 [0.00000000e+00 0.00000000e+00 0.00000000e+00 1.00000000e+00
  3.62100181e-03 0.00000000e+00 1.74418605e-03 0.00000000e+00
  0.00000000e+00 0.00000000e+00]
 [0.00000000e+00 0.00000000e+00 0.00000000e+00 0.00000000e+00
  9.87929994e-01 0.00000000e+00 2.32558140e-03 0.00000000e+00
  0.00000000e+00 0.00000000e+00]
 [0.00000000e+00 0.00000000e+00 0.00000000e+00 0.00000000e+00
  0.00000000e+00 4.82708089e-01 5.81395349e-04 0.00000000e+00
  0.00000000e+00 0.00000000e+00]
 [0.00000000e+00 0.00000000e+00 0.00000000e+00 0.00000000e+00
  0.00000000e+00 0.00000000e+00 9.83139535e-01 0.00000000e+00
  0.00000000e+00 0.00000000e+00]
 [0.00000000e+00 0.00000000e+00 0.00000000e+00 0.00000000e+00
  1.20700060e-03 5.17291911e-01 2.32558140e-03 0.00000000e+00
  0.00000000e+00 0.00000000e+00]
 [0.00000000e+00 0.00000000e+00 0.00000000e+00 0.00000000e+00
  1.81050091e-03 0.00000000e+00 1.16279070e-03 0.00000000e+00
  1.00000000e+00 0.00000000e+00]
 [0.00000000e+00 0.00000000e+00 0.00000000e+00 0.00000000e+00
  3.01750151e-03 0.00000000e+00 1.16279070e-03 0.00000000e+00
  0.00000000e+00 1.00000000e+00]]
matrix:[[1.00000000e+00 0.00000000e+00 1.71722954e-03 0.00000000e+00
  2.34329233e-03 0.00000000e+00 0.00000000e+00 0.00000000e+00
  0.00000000e+00 0.00000000e+00]
 [0.00000000e+00 1.00000000e+00 3.43445907e-03 0.00000000e+00
  0.00000000e+00 0.00000000e+00 0.00000000e+00 0.00000000e+00
  0.00000000e+00 6.07164542e-04]
 [0.00000000e+00 0.00000000e+00 9.85117344e-01 0.00000000e+00
  5.85823081e-04 0.00000000e+00 5.84453536e-04 0.00000000e+00
  0.00000000e+00 6.07164542e-04]
 [0.00000000e+00 0.00000000e+00 1.71722954e-03 9.97571342e-01
  2.34329233e-03 0.00000000e+00 0.00000000e+00 0.00000000e+00
  0.00000000e+00 6.07164542e-04]
 [0.00000000e+00 0.00000000e+00 2.28963938e-03 0.00000000e+00
  9.85940246e-01 0.00000000e+00 0.00000000e+00 0.00000000e+00
  0.00000000e+00 1.21432908e-03]
 [0.00000000e+00 0.00000000e+00 2.28963938e-03 0.00000000e+00
  0.00000000e+00 1.00000000e+00 5.84453536e-04 0.00000000e+00
  0.00000000e+00 0.00000000e+00]
 [0.00000000e+00 0.00000000e+00 5.72409845e-04 0.00000000e+00
  5.85823081e-04 0.00000000e+00 9.98831093e-01 0.00000000e+00
  0.00000000e+00 0.00000000e+00]
 [0.00000000e+00 0.00000000e+00 5.72409845e-04 0.00000000e+00
  2.92911541e-03 0.00000000e+00 0.00000000e+00 1.00000000e+00
  0.00000000e+00 6.07164542e-04]
 [0.00000000e+00 0.00000000e+00 1.71722954e-03 0.00000000e+00
  2.92911541e-03 0.00000000e+00 0.00000000e+00 0.00000000e+00
  1.00000000e+00 6.07164542e-04]
 [0.00000000e+00 0.00000000e+00 5.72409845e-04 2.42865817e-03
  2.34329233e-03 0.00000000e+00 0.00000000e+00 0.00000000e+00
  0.00000000e+00 9.95749848e-01]]
matrix:[[1.00000000e+00 0.00000000e+00 0.00000000e+00 0.00000000e+00
  0.00000000e+00 1.12739572e-03 0.00000000e+00 0.00000000e+00
  0.00000000e+00 1.17233294e-03]
 [0.00000000e+00 1.00000000e+00 0.00000000e+00 0.00000000e+00
  0.00000000e+00 2.81848929e-03 0.00000000e+00 0.00000000e+00
  0.00000000e+00 0.00000000e+00]
 [0.00000000e+00 0.00000000e+00 1.00000000e+00 0.00000000e+00
  0.00000000e+00 2.25479143e-03 0.00000000e+00 0.00000000e+00
  0.00000000e+00 0.00000000e+00]
 [0.00000000e+00 0.00000000e+00 0.00000000e+00 1.00000000e+00
  0.00000000e+00 2.81848929e-03 0.00000000e+00 0.00000000e+00
  0.00000000e+00 1.75849941e-03]
 [0.00000000e+00 0.00000000e+00 0.00000000e+00 0.00000000e+00
  1.00000000e+00 2.25479143e-03 0.00000000e+00 0.00000000e+00
  0.00000000e+00 5.86166471e-04]
 [0.00000000e+00 0.00000000e+00 0.00000000e+00 0.00000000e+00
  0.00000000e+00 9.79143179e-01 0.00000000e+00 0.00000000e+00
  0.00000000e+00 0.00000000e+00]
 [0.00000000e+00 0.00000000e+00 0.00000000e+00 0.00000000e+00
  0.00000000e+00 1.69109357e-03 1.00000000e+00 0.00000000e+00
  0.00000000e+00 0.00000000e+00]
 [0.00000000e+00 0.00000000e+00 0.00000000e+00 0.00000000e+00
  0.00000000e+00 2.25479143e-03 0.00000000e+00 1.00000000e+00
  0.00000000e+00 1.17233294e-03]
 [0.00000000e+00 0.00000000e+00 0.00000000e+00 0.00000000e+00
  0.00000000e+00 1.69109357e-03 0.00000000e+00 0.00000000e+00
  1.00000000e+00 5.86166471e-04]
 [0.00000000e+00 0.00000000e+00 0.00000000e+00 0.00000000e+00
  0.00000000e+00 3.94588501e-03 0.00000000e+00 0.00000000e+00
  0.00000000e+00 9.94724502e-01]]
matrix:[[0.00000000e+00 0.00000000e+00 1.45805481e-01 0.00000000e+00
  2.94204178e-04 0.00000000e+00 0.00000000e+00 0.00000000e+00
  0.00000000e+00 0.00000000e+00]
 [0.00000000e+00 0.00000000e+00 1.45721925e-01 0.00000000e+00
  0.00000000e+00 0.00000000e+00 0.00000000e+00 0.00000000e+00
  0.00000000e+00 0.00000000e+00]
 [0.00000000e+00 0.00000000e+00 1.39705882e-01 0.00000000e+00
  0.00000000e+00 0.00000000e+00 0.00000000e+00 0.00000000e+00
  0.00000000e+00 0.00000000e+00]
 [0.00000000e+00 0.00000000e+00 1.41209893e-01 0.00000000e+00
  2.94204178e-04 0.00000000e+00 0.00000000e+00 0.00000000e+00
  0.00000000e+00 0.00000000e+00]
 [0.00000000e+00 0.00000000e+00 5.84893048e-04 0.00000000e+00
  5.08973227e-01 0.00000000e+00 0.00000000e+00 0.00000000e+00
  0.00000000e+00 0.00000000e+00]
 [0.00000000e+00 0.00000000e+00 1.45304144e-01 0.00000000e+00
  0.00000000e+00 0.00000000e+00 0.00000000e+00 0.00000000e+00
  0.00000000e+00 0.00000000e+00]
 [0.00000000e+00 0.00000000e+00 1.39872995e-01 0.00000000e+00
  0.00000000e+00 0.00000000e+00 0.00000000e+00 0.00000000e+00
  0.00000000e+00 0.00000000e+00]
 [0.00000000e+00 0.00000000e+00 5.01336898e-04 0.00000000e+00
  0.00000000e+00 0.00000000e+00 0.00000000e+00 1.00000000e+00
  0.00000000e+00 0.00000000e+00]
 [0.00000000e+00 0.00000000e+00 1.40625000e-01 0.00000000e+00
  2.94204178e-04 0.00000000e+00 0.00000000e+00 0.00000000e+00
  0.00000000e+00 0.00000000e+00]
 [0.00000000e+00 0.00000000e+00 6.68449198e-04 0.00000000e+00
  4.90144160e-01 0.00000000e+00 0.00000000e+00 0.00000000e+00
  0.00000000e+00 0.00000000e+00]]
matrix:[[9.96495327e-01 3.00300300e-04 0.00000000e+00 0.00000000e+00
  3.42661336e-03 0.00000000e+00 0.00000000e+00 0.00000000e+00
  0.00000000e+00 0.00000000e+00]
 [0.00000000e+00 5.03303303e-01 0.00000000e+00 0.00000000e+00
  5.71102227e-04 0.00000000e+00 0.00000000e+00 0.00000000e+00
  0.00000000e+00 0.00000000e+00]
 [0.00000000e+00 0.00000000e+00 1.00000000e+00 0.00000000e+00
  2.28440891e-03 0.00000000e+00 0.00000000e+00 0.00000000e+00
  0.00000000e+00 0.00000000e+00]
 [0.00000000e+00 4.94594595e-01 0.00000000e+00 0.00000000e+00
  4.56881782e-03 0.00000000e+00 0.00000000e+00 0.00000000e+00
  0.00000000e+00 0.00000000e+00]
 [0.00000000e+00 1.50150150e-03 0.00000000e+00 0.00000000e+00
  9.68589377e-01 0.00000000e+00 0.00000000e+00 0.00000000e+00
  0.00000000e+00 0.00000000e+00]
 [0.00000000e+00 0.00000000e+00 0.00000000e+00 0.00000000e+00
  2.85551114e-03 1.00000000e+00 0.00000000e+00 0.00000000e+00
  0.00000000e+00 0.00000000e+00]
 [0.00000000e+00 0.00000000e+00 0.00000000e+00 0.00000000e+00
  1.71330668e-03 0.00000000e+00 1.00000000e+00 0.00000000e+00
  0.00000000e+00 0.00000000e+00]
 [0.00000000e+00 0.00000000e+00 0.00000000e+00 0.00000000e+00
  5.13992005e-03 0.00000000e+00 0.00000000e+00 1.00000000e+00
  0.00000000e+00 0.00000000e+00]
 [0.00000000e+00 0.00000000e+00 0.00000000e+00 0.00000000e+00
  5.13992005e-03 0.00000000e+00 0.00000000e+00 0.00000000e+00
  1.00000000e+00 0.00000000e+00]
 [3.50467290e-03 3.00300300e-04 0.00000000e+00 0.00000000e+00
  5.71102227e-03 0.00000000e+00 0.00000000e+00 0.00000000e+00
  0.00000000e+00 1.00000000e+00]]
matrix:[[0.00000000e+00 0.00000000e+00 1.63857769e-01 0.00000000e+00
  0.00000000e+00 0.00000000e+00 0.00000000e+00 0.00000000e+00
  0.00000000e+00 0.00000000e+00]
 [0.00000000e+00 0.00000000e+00 5.84510472e-04 0.00000000e+00
  0.00000000e+00 0.00000000e+00 0.00000000e+00 0.00000000e+00
  0.00000000e+00 5.07884558e-01]
 [0.00000000e+00 0.00000000e+00 1.65708719e-01 0.00000000e+00
  0.00000000e+00 0.00000000e+00 0.00000000e+00 0.00000000e+00
  0.00000000e+00 0.00000000e+00]
 [0.00000000e+00 0.00000000e+00 1.65806137e-01 0.00000000e+00
  0.00000000e+00 0.00000000e+00 0.00000000e+00 0.00000000e+00
  0.00000000e+00 0.00000000e+00]
 [0.00000000e+00 0.00000000e+00 1.07160253e-03 0.00000000e+00
  9.99401914e-01 0.00000000e+00 0.00000000e+00 0.00000000e+00
  0.00000000e+00 0.00000000e+00]
 [0.00000000e+00 0.00000000e+00 2.92255236e-04 0.00000000e+00
  0.00000000e+00 1.00000000e+00 0.00000000e+00 0.00000000e+00
  0.00000000e+00 0.00000000e+00]
 [0.00000000e+00 0.00000000e+00 1.68046761e-01 0.00000000e+00
  0.00000000e+00 0.00000000e+00 0.00000000e+00 0.00000000e+00
  0.00000000e+00 0.00000000e+00]
 [0.00000000e+00 0.00000000e+00 1.72528008e-01 0.00000000e+00
  0.00000000e+00 0.00000000e+00 0.00000000e+00 0.00000000e+00
  0.00000000e+00 0.00000000e+00]
 [0.00000000e+00 0.00000000e+00 1.61519727e-01 0.00000000e+00
  0.00000000e+00 0.00000000e+00 0.00000000e+00 0.00000000e+00
  0.00000000e+00 0.00000000e+00]
 [0.00000000e+00 0.00000000e+00 5.84510472e-04 0.00000000e+00
  5.98086124e-04 0.00000000e+00 0.00000000e+00 0.00000000e+00
  0.00000000e+00 4.92115442e-01]]
matrix:[[3.29104041e-01 0.00000000e+00 0.00000000e+00 0.00000000e+00
  5.94883998e-04 5.84909339e-04 0.00000000e+00 0.00000000e+00
  0.00000000e+00 0.00000000e+00]
 [0.00000000e+00 1.00000000e+00 0.00000000e+00 0.00000000e+00
  0.00000000e+00 9.74848898e-04 0.00000000e+00 0.00000000e+00
  0.00000000e+00 0.00000000e+00]
 [0.00000000e+00 0.00000000e+00 9.99409681e-01 0.00000000e+00
  0.00000000e+00 1.16981868e-03 0.00000000e+00 0.00000000e+00
  0.00000000e+00 0.00000000e+00]
 [3.36326371e-01 0.00000000e+00 0.00000000e+00 0.00000000e+00
  0.00000000e+00 7.79879119e-04 0.00000000e+00 0.00000000e+00
  0.00000000e+00 0.00000000e+00]
 [5.85594378e-04 0.00000000e+00 0.00000000e+00 0.00000000e+00
  9.98810232e-01 5.84909339e-04 0.00000000e+00 0.00000000e+00
  6.00000000e-01 0.00000000e+00]
 [0.00000000e+00 0.00000000e+00 0.00000000e+00 0.00000000e+00
  0.00000000e+00 3.27159290e-01 0.00000000e+00 0.00000000e+00
  0.00000000e+00 0.00000000e+00]
 [0.00000000e+00 0.00000000e+00 0.00000000e+00 0.00000000e+00
  0.00000000e+00 3.28134139e-01 0.00000000e+00 0.00000000e+00
  0.00000000e+00 0.00000000e+00]
 [0.00000000e+00 0.00000000e+00 0.00000000e+00 0.00000000e+00
  0.00000000e+00 3.38857477e-01 0.00000000e+00 0.00000000e+00
  0.00000000e+00 0.00000000e+00]
 [3.33008003e-01 0.00000000e+00 0.00000000e+00 0.00000000e+00
  0.00000000e+00 1.16981868e-03 0.00000000e+00 0.00000000e+00
  0.00000000e+00 0.00000000e+00]
 [9.75990630e-04 0.00000000e+00 5.90318772e-04 0.00000000e+00
  5.94883998e-04 5.84909339e-04 0.00000000e+00 0.00000000e+00
  4.00000000e-01 1.00000000e+00]]
matrix:[[3.32478295e-01 0.00000000e+00 0.00000000e+00 2.32964473e-03
  0.00000000e+00 0.00000000e+00 0.00000000e+00 0.00000000e+00
  0.00000000e+00 0.00000000e+00]
 [1.97316496e-04 0.00000000e+00 0.00000000e+00 2.32964473e-03
  0.00000000e+00 5.20437536e-01 0.00000000e+00 0.00000000e+00
  0.00000000e+00 0.00000000e+00]
 [5.91949487e-04 0.00000000e+00 1.00000000e+00 1.16482236e-03
  0.00000000e+00 0.00000000e+00 0.00000000e+00 0.00000000e+00
  0.00000000e+00 0.00000000e+00]
 [1.97316496e-04 0.00000000e+00 0.00000000e+00 9.81362842e-01
  0.00000000e+00 0.00000000e+00 0.00000000e+00 0.00000000e+00
  0.00000000e+00 0.00000000e+00]
 [3.33070245e-01 0.00000000e+00 0.00000000e+00 5.24170064e-03
  0.00000000e+00 0.00000000e+00 0.00000000e+00 0.00000000e+00
  0.00000000e+00 0.00000000e+00]
 [9.86582478e-04 0.00000000e+00 0.00000000e+00 5.82411182e-04
  0.00000000e+00 4.79562464e-01 0.00000000e+00 0.00000000e+00
  0.00000000e+00 0.00000000e+00]
 [3.94632991e-04 0.00000000e+00 0.00000000e+00 5.82411182e-04
  0.00000000e+00 0.00000000e+00 1.00000000e+00 0.00000000e+00
  0.00000000e+00 0.00000000e+00]
 [3.31294396e-01 0.00000000e+00 0.00000000e+00 2.91205591e-03
  0.00000000e+00 0.00000000e+00 0.00000000e+00 0.00000000e+00
  0.00000000e+00 0.00000000e+00]
 [3.94632991e-04 0.00000000e+00 0.00000000e+00 1.16482236e-03
  0.00000000e+00 0.00000000e+00 0.00000000e+00 0.00000000e+00
  1.00000000e+00 0.00000000e+00]
 [3.94632991e-04 0.00000000e+00 0.00000000e+00 2.32964473e-03
  0.00000000e+00 0.00000000e+00 0.00000000e+00 0.00000000e+00
  0.00000000e+00 1.00000000e+00]]
