matrix:[[0.00000000e+00 0.00000000e+00 0.00000000e+00 0.00000000e+00
  8.76936568e-04 2.25581083e-01 0.00000000e+00 0.00000000e+00
  4.17412045e-03 0.00000000e+00]
 [0.00000000e+00 0.00000000e+00 0.00000000e+00 0.00000000e+00
  5.84624379e-04 1.34085718e-01 1.59004261e-01 0.00000000e+00
  1.19260584e-03 0.00000000e+00]
 [0.00000000e+00 0.00000000e+00 0.00000000e+00 0.00000000e+00
  4.90499854e-01 0.00000000e+00 0.00000000e+00 0.00000000e+00
  1.78890877e-03 0.00000000e+00]
 [0.00000000e+00 0.00000000e+00 0.00000000e+00 0.00000000e+00
  2.92312189e-04 2.27193336e-01 0.00000000e+00 0.00000000e+00
  4.77042338e-03 0.00000000e+00]
 [0.00000000e+00 0.00000000e+00 0.00000000e+00 0.00000000e+00
  5.06284712e-01 0.00000000e+00 0.00000000e+00 0.00000000e+00
  4.77042338e-03 0.00000000e+00]
 [0.00000000e+00 0.00000000e+00 0.00000000e+00 0.00000000e+00
  2.92312189e-04 2.32298804e-01 0.00000000e+00 0.00000000e+00
  2.38521169e-03 0.00000000e+00]
 [0.00000000e+00 0.00000000e+00 0.00000000e+00 0.00000000e+00
  5.84624379e-04 0.00000000e+00 3.74971967e-01 0.00000000e+00
  1.78890877e-03 0.00000000e+00]
 [0.00000000e+00 0.00000000e+00 0.00000000e+00 0.00000000e+00
  2.92312189e-04 1.73451565e-01 8.94819466e-02 0.00000000e+00
  5.96302922e-04 0.00000000e+00]
 [0.00000000e+00 0.00000000e+00 0.00000000e+00 0.00000000e+00
  0.00000000e+00 0.00000000e+00 0.00000000e+00 0.00000000e+00
  9.74358974e-01 0.00000000e+00]
 [0.00000000e+00 0.00000000e+00 0.00000000e+00 0.00000000e+00
  2.92312189e-04 7.38949348e-03 3.76541826e-01 0.00000000e+00
  4.17412045e-03 0.00000000e+00]]
matrix:[[0.         0.         0.         0.         0.         0.
  0.         0.10164706 0.         0.        ]
 [0.         0.         0.         0.         0.         0.
  0.         0.10382353 0.         0.        ]
 [0.         0.         0.         0.         0.         0.
  0.         0.1        0.         0.        ]
 [0.         0.         0.         0.         0.         0.
  0.         0.09923529 0.         0.        ]
 [0.         0.         0.         0.         0.         0.
  0.         0.09823529 0.         0.        ]
 [0.         0.         0.         0.         0.         0.
  0.         0.09988235 0.         0.        ]
 [0.         0.         0.         0.         0.         0.
  0.         0.10111765 0.         0.        ]
 [0.         0.         0.         0.         0.         0.
  0.         0.10029412 0.         0.        ]
 [0.         0.         0.         0.         0.         0.
  0.         0.09688235 0.         0.        ]
 [0.         0.         0.         0.         0.         0.
  0.         0.09888235 0.         0.        ]]
matrix:[[0.         0.         0.0004889  0.         0.         0.
  0.24878193 0.         0.         0.        ]
 [0.         0.         0.15742642 0.         0.         0.
  0.         0.         0.         0.        ]
 [0.         0.         0.17062677 0.         0.         0.
  0.         0.         0.         0.        ]
 [0.         0.         0.16691112 0.         0.         0.
  0.         0.         0.         0.        ]
 [0.         0.         0.00039112 0.         0.         0.
  0.24612432 0.         0.         0.        ]
 [0.         0.         0.17160458 0.         0.         0.
  0.         0.         0.         0.        ]
 [0.         0.         0.00039112 0.         0.         0.
  0.25439244 0.         0.         0.        ]
 [0.         0.         0.16475995 0.         0.         0.
  0.         0.         0.         0.        ]
 [0.         0.         0.00136893 0.         0.         0.
  0.25070131 0.         0.         0.        ]
 [0.         0.         0.16603109 0.         0.         0.
  0.         0.         0.         0.        ]]
matrix:[[4.95889607e-01 0.00000000e+00 0.00000000e+00 0.00000000e+00
  0.00000000e+00 4.41014333e-03 0.00000000e+00 0.00000000e+00
  0.00000000e+00 0.00000000e+00]
 [0.00000000e+00 0.00000000e+00 0.00000000e+00 3.28929987e-01
  2.51345119e-01 1.26791621e-02 0.00000000e+00 2.11409396e-01
  0.00000000e+00 0.00000000e+00]
 [0.00000000e+00 0.00000000e+00 0.00000000e+00 1.98150594e-03
  6.59877018e-01 4.96141125e-03 0.00000000e+00 4.84712901e-03
  0.00000000e+00 0.00000000e+00]
 [5.04110393e-01 0.00000000e+00 0.00000000e+00 0.00000000e+00
  0.00000000e+00 1.65380375e-03 0.00000000e+00 0.00000000e+00
  0.00000000e+00 0.00000000e+00]
 [0.00000000e+00 0.00000000e+00 0.00000000e+00 0.00000000e+00
  3.84319754e-04 3.30760750e-03 0.00000000e+00 0.00000000e+00
  5.78368999e-04 5.01690747e-01]
 [0.00000000e+00 0.00000000e+00 0.00000000e+00 0.00000000e+00
  0.00000000e+00 9.59206174e-01 0.00000000e+00 0.00000000e+00
  0.00000000e+00 0.00000000e+00]
 [0.00000000e+00 0.00000000e+00 0.00000000e+00 6.67767503e-01
  8.83935434e-02 2.75633958e-03 0.00000000e+00 1.55480984e-01
  0.00000000e+00 0.00000000e+00]
 [0.00000000e+00 0.00000000e+00 0.00000000e+00 6.60501982e-04
  0.00000000e+00 3.30760750e-03 0.00000000e+00 6.28262491e-01
  0.00000000e+00 0.00000000e+00]
 [0.00000000e+00 0.00000000e+00 0.00000000e+00 6.60501982e-04
  0.00000000e+00 3.85887541e-03 0.00000000e+00 0.00000000e+00
  9.97108155e-01 0.00000000e+00]
 [0.00000000e+00 0.00000000e+00 0.00000000e+00 0.00000000e+00
  0.00000000e+00 3.85887541e-03 0.00000000e+00 0.00000000e+00
  2.31347600e-03 4.98309253e-01]]
matrix:[[0.         0.         0.         0.         0.         0.
  0.         0.10082353 0.         0.        ]
 [0.         0.         0.         0.         0.         0.
  0.         0.09823529 0.         0.        ]
 [0.         0.         0.         0.         0.         0.
  0.         0.10117647 0.         0.        ]
 [0.         0.         0.         0.         0.         0.
  0.         0.09852941 0.         0.        ]
 [0.         0.         0.         0.         0.         0.
  0.         0.101      0.         0.        ]
 [0.         0.         0.         0.         0.         0.
  0.         0.10088235 0.         0.        ]
 [0.         0.         0.         0.         0.         0.
  0.         0.09894118 0.         0.        ]
 [0.         0.         0.         0.         0.         0.
  0.         0.10211765 0.         0.        ]
 [0.         0.         0.         0.         0.         0.
  0.         0.09982353 0.         0.        ]
 [0.         0.         0.         0.         0.         0.
  0.         0.09847059 0.         0.        ]]
matrix:[[0.         0.         0.         0.         0.101      0.
  0.         0.         0.         0.        ]
 [0.         0.         0.         0.         0.09935294 0.
  0.         0.         0.         0.        ]
 [0.         0.         0.         0.         0.09870588 0.
  0.         0.         0.         0.        ]
 [0.         0.         0.         0.         0.09970588 0.
  0.         0.         0.         0.        ]
 [0.         0.         0.         0.         0.10064706 0.
  0.         0.         0.         0.        ]
 [0.         0.         0.         0.         0.10117647 0.
  0.         0.         0.         0.        ]
 [0.         0.         0.         0.         0.09964706 0.
  0.         0.         0.         0.        ]
 [0.         0.         0.         0.         0.09876471 0.
  0.         0.         0.         0.        ]
 [0.         0.         0.         0.         0.09976471 0.
  0.         0.         0.         0.        ]
 [0.         0.         0.         0.         0.10123529 0.
  0.         0.         0.         0.        ]]
matrix:[[0.00000000e+00 5.86166471e-04 0.00000000e+00 0.00000000e+00
  0.00000000e+00 1.17061750e-03 0.00000000e+00 0.00000000e+00
  4.94036971e-01 1.87500000e-01]
 [0.00000000e+00 4.94138335e-01 0.00000000e+00 0.00000000e+00
  0.00000000e+00 5.85308750e-04 0.00000000e+00 0.00000000e+00
  0.00000000e+00 0.00000000e+00]
 [0.00000000e+00 0.00000000e+00 1.00000000e+00 0.00000000e+00
  0.00000000e+00 1.75592625e-03 0.00000000e+00 0.00000000e+00
  0.00000000e+00 0.00000000e+00]
 [0.00000000e+00 0.00000000e+00 0.00000000e+00 9.99398315e-01
  0.00000000e+00 1.46327188e-03 0.00000000e+00 0.00000000e+00
  0.00000000e+00 3.75000000e-01]
 [0.00000000e+00 8.79249707e-04 0.00000000e+00 6.01684717e-04
  1.00000000e+00 8.77963126e-04 0.00000000e+00 0.00000000e+00
  1.19260584e-03 0.00000000e+00]
 [0.00000000e+00 0.00000000e+00 0.00000000e+00 0.00000000e+00
  0.00000000e+00 5.02780217e-01 0.00000000e+00 0.00000000e+00
  0.00000000e+00 0.00000000e+00]
 [0.00000000e+00 0.00000000e+00 0.00000000e+00 0.00000000e+00
  0.00000000e+00 4.86976880e-01 0.00000000e+00 0.00000000e+00
  0.00000000e+00 0.00000000e+00]
 [0.00000000e+00 1.46541618e-03 0.00000000e+00 0.00000000e+00
  0.00000000e+00 1.46327188e-03 0.00000000e+00 1.00000000e+00
  0.00000000e+00 0.00000000e+00]
 [0.00000000e+00 0.00000000e+00 0.00000000e+00 0.00000000e+00
  0.00000000e+00 1.75592625e-03 0.00000000e+00 0.00000000e+00
  5.04174120e-01 1.87500000e-01]
 [0.00000000e+00 5.02930832e-01 0.00000000e+00 0.00000000e+00
  0.00000000e+00 1.17061750e-03 0.00000000e+00 0.00000000e+00
  5.96302922e-04 2.50000000e-01]]
matrix:[[9.88006853e-01 0.00000000e+00 0.00000000e+00 0.00000000e+00
  0.00000000e+00 7.78058743e-04 0.00000000e+00 0.00000000e+00
  0.00000000e+00 0.00000000e+00]
 [1.14220445e-03 0.00000000e+00 0.00000000e+00 0.00000000e+00
  0.00000000e+00 3.26590158e-01 0.00000000e+00 0.00000000e+00
  0.00000000e+00 0.00000000e+00]
 [2.85551114e-03 0.00000000e+00 1.00000000e+00 0.00000000e+00
  0.00000000e+00 3.89029372e-04 0.00000000e+00 0.00000000e+00
  0.00000000e+00 0.00000000e+00]
 [1.14220445e-03 0.00000000e+00 0.00000000e+00 0.00000000e+00
  0.00000000e+00 3.40011671e-01 0.00000000e+00 0.00000000e+00
  0.00000000e+00 0.00000000e+00]
 [5.71102227e-04 0.00000000e+00 0.00000000e+00 0.00000000e+00
  1.00000000e+00 9.72573429e-04 1.18623962e-03 0.00000000e+00
  0.00000000e+00 0.00000000e+00]
 [5.71102227e-04 0.00000000e+00 0.00000000e+00 0.00000000e+00
  0.00000000e+00 3.27173702e-01 0.00000000e+00 0.00000000e+00
  0.00000000e+00 0.00000000e+00]
 [1.71330668e-03 0.00000000e+00 0.00000000e+00 0.00000000e+00
  0.00000000e+00 7.78058743e-04 9.98813760e-01 0.00000000e+00
  0.00000000e+00 0.00000000e+00]
 [1.71330668e-03 0.00000000e+00 0.00000000e+00 0.00000000e+00
  0.00000000e+00 9.72573429e-04 0.00000000e+00 1.00000000e+00
  0.00000000e+00 0.00000000e+00]
 [1.71330668e-03 0.00000000e+00 0.00000000e+00 0.00000000e+00
  0.00000000e+00 9.72573429e-04 0.00000000e+00 0.00000000e+00
  1.00000000e+00 0.00000000e+00]
 [5.71102227e-04 0.00000000e+00 0.00000000e+00 0.00000000e+00
  0.00000000e+00 1.36160280e-03 0.00000000e+00 0.00000000e+00
  0.00000000e+00 1.00000000e+00]]
matrix:[[0.         0.         0.10088235 0.         0.         0.
  0.         0.         0.         0.        ]
 [0.         0.         0.09923529 0.         0.         0.
  0.         0.         0.         0.        ]
 [0.         0.         0.10047059 0.         0.         0.
  0.         0.         0.         0.        ]
 [0.         0.         0.10035294 0.         0.         0.
  0.         0.         0.         0.        ]
 [0.         0.         0.09941176 0.         0.         0.
  0.         0.         0.         0.        ]
 [0.         0.         0.09788235 0.         0.         0.
  0.         0.         0.         0.        ]
 [0.         0.         0.09694118 0.         0.         0.
  0.         0.         0.         0.        ]
 [0.         0.         0.10311765 0.         0.         0.
  0.         0.         0.         0.        ]
 [0.         0.         0.10382353 0.         0.         0.
  0.         0.         0.         0.        ]
 [0.         0.         0.09788235 0.         0.         0.
  0.         0.         0.         0.        ]]
matrix:[[3.27616111e-01 0.00000000e+00 0.00000000e+00 0.00000000e+00
  0.00000000e+00 0.00000000e+00 0.00000000e+00 0.00000000e+00
  0.00000000e+00 0.00000000e+00]
 [3.85430719e-04 5.68904594e-01 0.00000000e+00 0.00000000e+00
  0.00000000e+00 0.00000000e+00 0.00000000e+00 0.00000000e+00
  0.00000000e+00 0.00000000e+00]
 [9.63576797e-04 4.29810472e-01 0.00000000e+00 0.00000000e+00
  0.00000000e+00 0.00000000e+00 0.00000000e+00 0.00000000e+00
  0.00000000e+00 1.02159468e-01]
 [3.30892272e-01 0.00000000e+00 0.00000000e+00 0.00000000e+00
  0.00000000e+00 0.00000000e+00 0.00000000e+00 0.00000000e+00
  0.00000000e+00 0.00000000e+00]
 [2.11986895e-03 0.00000000e+00 0.00000000e+00 0.00000000e+00
  1.00000000e+00 0.00000000e+00 0.00000000e+00 0.00000000e+00
  0.00000000e+00 0.00000000e+00]
 [5.78146078e-04 1.28493415e-03 0.00000000e+00 9.93421053e-01
  0.00000000e+00 0.00000000e+00 0.00000000e+00 0.00000000e+00
  0.00000000e+00 4.31339978e-01]
 [5.78146078e-04 0.00000000e+00 0.00000000e+00 0.00000000e+00
  0.00000000e+00 0.00000000e+00 9.99400839e-01 0.00000000e+00
  0.00000000e+00 0.00000000e+00]
 [1.34900752e-03 0.00000000e+00 0.00000000e+00 0.00000000e+00
  0.00000000e+00 0.00000000e+00 5.99161174e-04 1.00000000e+00
  0.00000000e+00 0.00000000e+00]
 [3.33012141e-01 0.00000000e+00 0.00000000e+00 0.00000000e+00
  0.00000000e+00 0.00000000e+00 0.00000000e+00 0.00000000e+00
  0.00000000e+00 0.00000000e+00]
 [2.50529967e-03 0.00000000e+00 0.00000000e+00 6.57894737e-03
  0.00000000e+00 0.00000000e+00 0.00000000e+00 0.00000000e+00
  0.00000000e+00 4.66500554e-01]]
