matrix:[[0.         0.         0.         0.         0.         0.
  0.         0.         0.         0.09970588]
 [0.         0.         0.         0.         0.         0.
  0.         0.         0.         0.10017647]
 [0.         0.         0.         0.         0.         0.
  0.         0.         0.         0.10217647]
 [0.         0.         0.         0.         0.         0.
  0.         0.         0.         0.10088235]
 [0.         0.         0.         0.         0.         0.
  0.         0.         0.         0.10041176]
 [0.         0.         0.         0.         0.         0.
  0.         0.         0.         0.10123529]
 [0.         0.         0.         0.         0.         0.
  0.         0.         0.         0.10094118]
 [0.         0.         0.         0.         0.         0.
  0.         0.         0.         0.09911765]
 [0.         0.         0.         0.         0.         0.
  0.         0.         0.         0.09829412]
 [0.         0.         0.         0.         0.         0.
  0.         0.         0.         0.09705882]]
matrix:[[0.         0.         0.10070588 0.         0.         0.
  0.         0.         0.         0.        ]
 [0.         0.         0.09741176 0.         0.         0.
  0.         0.         0.         0.        ]
 [0.         0.         0.10082353 0.         0.         0.
  0.         0.         0.         0.        ]
 [0.         0.         0.10047059 0.         0.         0.
  0.         0.         0.         0.        ]
 [0.         0.         0.1        0.         0.         0.
  0.         0.         0.         0.        ]
 [0.         0.         0.10223529 0.         0.         0.
  0.         0.         0.         0.        ]
 [0.         0.         0.10058824 0.         0.         0.
  0.         0.         0.         0.        ]
 [0.         0.         0.09911765 0.         0.         0.
  0.         0.         0.         0.        ]
 [0.         0.         0.10105882 0.         0.         0.
  0.         0.         0.         0.        ]
 [0.         0.         0.09758824 0.         0.         0.
  0.         0.         0.         0.        ]]
matrix:[[0.         0.         0.         0.10047059 0.         0.
  0.         0.         0.         0.        ]
 [0.         0.         0.         0.10082353 0.         0.
  0.         0.         0.         0.        ]
 [0.         0.         0.         0.098      0.         0.
  0.         0.         0.         0.        ]
 [0.         0.         0.         0.10294118 0.         0.
  0.         0.         0.         0.        ]
 [0.         0.         0.         0.10270588 0.         0.
  0.         0.         0.         0.        ]
 [0.         0.         0.         0.09735294 0.         0.
  0.         0.         0.         0.        ]
 [0.         0.         0.         0.09888235 0.         0.
  0.         0.         0.         0.        ]
 [0.         0.         0.         0.10247059 0.         0.
  0.         0.         0.         0.        ]
 [0.         0.         0.         0.09876471 0.         0.
  0.         0.         0.         0.        ]
 [0.         0.         0.         0.09758824 0.         0.
  0.         0.         0.         0.        ]]
matrix:[[0.         0.         0.         0.         0.         0.
  0.         0.         0.         0.09823529]
 [0.         0.         0.         0.         0.         0.
  0.         0.         0.         0.09876471]
 [0.         0.         0.         0.         0.         0.
  0.         0.         0.         0.09829412]
 [0.         0.         0.         0.         0.         0.
  0.         0.         0.         0.10147059]
 [0.         0.         0.         0.         0.         0.
  0.         0.         0.         0.101     ]
 [0.         0.         0.         0.         0.         0.
  0.         0.         0.         0.10294118]
 [0.         0.         0.         0.         0.         0.
  0.         0.         0.         0.10017647]
 [0.         0.         0.         0.         0.         0.
  0.         0.         0.         0.09852941]
 [0.         0.         0.         0.         0.         0.
  0.         0.         0.         0.09958824]
 [0.         0.         0.         0.         0.         0.
  0.         0.         0.         0.101     ]]
matrix:[[0.         0.         0.         0.         0.         0.
  0.         0.         0.10005882 0.        ]
 [0.         0.         0.         0.         0.         0.
  0.         0.         0.10052941 0.        ]
 [0.         0.         0.         0.         0.         0.
  0.         0.         0.10352941 0.        ]
 [0.         0.         0.         0.         0.         0.
  0.         0.         0.09617647 0.        ]
 [0.         0.         0.         0.         0.         0.
  0.         0.         0.10105882 0.        ]
 [0.         0.         0.         0.         0.         0.
  0.         0.         0.1        0.        ]
 [0.         0.         0.         0.         0.         0.
  0.         0.         0.09905882 0.        ]
 [0.         0.         0.         0.         0.         0.
  0.         0.         0.10205882 0.        ]
 [0.         0.         0.         0.         0.         0.
  0.         0.         0.09652941 0.        ]
 [0.         0.         0.         0.         0.         0.
  0.         0.         0.101      0.        ]]
matrix:[[0.         0.         0.         0.         0.         0.09935294
  0.         0.         0.         0.        ]
 [0.         0.         0.         0.         0.         0.10341176
  0.         0.         0.         0.        ]
 [0.         0.         0.         0.         0.         0.09988235
  0.         0.         0.         0.        ]
 [0.         0.         0.         0.         0.         0.09870588
  0.         0.         0.         0.        ]
 [0.         0.         0.         0.         0.         0.10182353
  0.         0.         0.         0.        ]
 [0.         0.         0.         0.         0.         0.10152941
  0.         0.         0.         0.        ]
 [0.         0.         0.         0.         0.         0.10023529
  0.         0.         0.         0.        ]
 [0.         0.         0.         0.         0.         0.09964706
  0.         0.         0.         0.        ]
 [0.         0.         0.         0.         0.         0.097
  0.         0.         0.         0.        ]
 [0.         0.         0.         0.         0.         0.09841176
  0.         0.         0.         0.        ]]
matrix:[[0.         0.         0.         0.         0.         0.10264706
  0.         0.         0.         0.        ]
 [0.         0.         0.         0.         0.         0.09829412
  0.         0.         0.         0.        ]
 [0.         0.         0.         0.         0.         0.10288235
  0.         0.         0.         0.        ]
 [0.         0.         0.         0.         0.         0.10135294
  0.         0.         0.         0.        ]
 [0.         0.         0.         0.         0.         0.09894118
  0.         0.         0.         0.        ]
 [0.         0.         0.         0.         0.         0.09952941
  0.         0.         0.         0.        ]
 [0.         0.         0.         0.         0.         0.09805882
  0.         0.         0.         0.        ]
 [0.         0.         0.         0.         0.         0.10247059
  0.         0.         0.         0.        ]
 [0.         0.         0.         0.         0.         0.09794118
  0.         0.         0.         0.        ]
 [0.         0.         0.         0.         0.         0.09788235
  0.         0.         0.         0.        ]]
