matrix:[[0.         0.         0.         0.         0.         0.
  0.         0.         0.         0.09741176]
 [0.         0.         0.         0.         0.         0.
  0.         0.         0.         0.10170588]
 [0.         0.         0.         0.         0.         0.
  0.         0.         0.         0.10288235]
 [0.         0.         0.         0.         0.         0.
  0.         0.         0.         0.09852941]
 [0.         0.         0.         0.         0.         0.
  0.         0.         0.         0.09717647]
 [0.         0.         0.         0.         0.         0.
  0.         0.         0.         0.101     ]
 [0.         0.         0.         0.         0.         0.
  0.         0.         0.         0.10058824]
 [0.         0.         0.         0.         0.         0.
  0.         0.         0.         0.098     ]
 [0.         0.         0.         0.         0.         0.
  0.         0.         0.         0.10152941]
 [0.         0.         0.         0.         0.         0.
  0.         0.         0.         0.10117647]]
matrix:[[0.00000000e+00 0.00000000e+00 0.00000000e+00 0.00000000e+00
  0.00000000e+00 0.00000000e+00 1.98938053e-01 0.00000000e+00
  3.51947443e-04 0.00000000e+00]
 [0.00000000e+00 0.00000000e+00 0.00000000e+00 0.00000000e+00
  0.00000000e+00 0.00000000e+00 2.05899705e-01 0.00000000e+00
  5.86579071e-04 0.00000000e+00]
 [0.00000000e+00 0.00000000e+00 0.00000000e+00 0.00000000e+00
  0.00000000e+00 0.00000000e+00 4.71976401e-04 0.00000000e+00
  2.00844674e-01 0.00000000e+00]
 [0.00000000e+00 0.00000000e+00 0.00000000e+00 0.00000000e+00
  0.00000000e+00 0.00000000e+00 1.96460177e-01 0.00000000e+00
  7.03894885e-04 0.00000000e+00]
 [0.00000000e+00 0.00000000e+00 0.00000000e+00 1.00000000e+00
  0.00000000e+00 0.00000000e+00 2.35988201e-04 0.00000000e+00
  2.00023463e-01 0.00000000e+00]
 [0.00000000e+00 0.00000000e+00 0.00000000e+00 0.00000000e+00
  0.00000000e+00 0.00000000e+00 7.07964602e-04 0.00000000e+00
  1.96269357e-01 0.00000000e+00]
 [0.00000000e+00 0.00000000e+00 0.00000000e+00 0.00000000e+00
  0.00000000e+00 0.00000000e+00 1.94926254e-01 0.00000000e+00
  0.00000000e+00 0.00000000e+00]
 [0.00000000e+00 0.00000000e+00 0.00000000e+00 0.00000000e+00
  0.00000000e+00 0.00000000e+00 2.01769912e-01 0.00000000e+00
  0.00000000e+00 0.00000000e+00]
 [0.00000000e+00 0.00000000e+00 0.00000000e+00 0.00000000e+00
  0.00000000e+00 0.00000000e+00 2.35988201e-04 0.00000000e+00
  1.99671516e-01 0.00000000e+00]
 [0.00000000e+00 0.00000000e+00 0.00000000e+00 0.00000000e+00
  0.00000000e+00 0.00000000e+00 3.53982301e-04 0.00000000e+00
  2.01548569e-01 0.00000000e+00]]
matrix:[[0.         0.         0.         0.09923529 0.         0.
  0.         0.         0.         0.        ]
 [0.         0.         0.         0.09958824 0.         0.
  0.         0.         0.         0.        ]
 [0.         0.         0.         0.09835294 0.         0.
  0.         0.         0.         0.        ]
 [0.         0.         0.         0.09705882 0.         0.
  0.         0.         0.         0.        ]
 [0.         0.         0.         0.10282353 0.         0.
  0.         0.         0.         0.        ]
 [0.         0.         0.         0.10170588 0.         0.
  0.         0.         0.         0.        ]
 [0.         0.         0.         0.09835294 0.         0.
  0.         0.         0.         0.        ]
 [0.         0.         0.         0.10288235 0.         0.
  0.         0.         0.         0.        ]
 [0.         0.         0.         0.09882353 0.         0.
  0.         0.         0.         0.        ]
 [0.         0.         0.         0.10117647 0.         0.
  0.         0.         0.         0.        ]]
