matrix:[[1.00000000e+00 5.74052813e-04 0.00000000e+00 0.00000000e+00
  0.00000000e+00 0.00000000e+00 0.00000000e+00 0.00000000e+00
  0.00000000e+00 3.94366197e-03]
 [0.00000000e+00 9.96555683e-01 0.00000000e+00 0.00000000e+00
  0.00000000e+00 0.00000000e+00 0.00000000e+00 0.00000000e+00
  0.00000000e+00 4.50704225e-03]
 [0.00000000e+00 5.74052813e-04 1.00000000e+00 0.00000000e+00
  1.83598531e-03 0.00000000e+00 0.00000000e+00 0.00000000e+00
  0.00000000e+00 3.94366197e-03]
 [0.00000000e+00 0.00000000e+00 0.00000000e+00 1.00000000e+00
  0.00000000e+00 0.00000000e+00 0.00000000e+00 0.00000000e+00
  0.00000000e+00 3.94366197e-03]
 [0.00000000e+00 0.00000000e+00 0.00000000e+00 0.00000000e+00
  9.98164015e-01 0.00000000e+00 0.00000000e+00 0.00000000e+00
  0.00000000e+00 2.81690141e-03]
 [0.00000000e+00 5.74052813e-04 0.00000000e+00 0.00000000e+00
  0.00000000e+00 1.00000000e+00 0.00000000e+00 0.00000000e+00
  0.00000000e+00 3.94366197e-03]
 [0.00000000e+00 5.74052813e-04 0.00000000e+00 0.00000000e+00
  0.00000000e+00 0.00000000e+00 1.00000000e+00 0.00000000e+00
  0.00000000e+00 2.81690141e-03]
 [0.00000000e+00 5.74052813e-04 0.00000000e+00 0.00000000e+00
  0.00000000e+00 0.00000000e+00 0.00000000e+00 1.00000000e+00
  0.00000000e+00 2.25352113e-03]
 [0.00000000e+00 5.74052813e-04 0.00000000e+00 0.00000000e+00
  0.00000000e+00 0.00000000e+00 0.00000000e+00 0.00000000e+00
  1.00000000e+00 4.50704225e-03]
 [0.00000000e+00 0.00000000e+00 0.00000000e+00 0.00000000e+00
  0.00000000e+00 0.00000000e+00 0.00000000e+00 0.00000000e+00
  0.00000000e+00 9.67323944e-01]]
