matrix:[[0.00000000e+00 0.00000000e+00 0.00000000e+00 2.52382327e-01
  0.00000000e+00 0.00000000e+00 0.00000000e+00 0.00000000e+00
  0.00000000e+00 0.00000000e+00]
 [0.00000000e+00 0.00000000e+00 0.00000000e+00 2.48339590e-01
  0.00000000e+00 0.00000000e+00 0.00000000e+00 0.00000000e+00
  0.00000000e+00 0.00000000e+00]
 [0.00000000e+00 0.00000000e+00 0.00000000e+00 1.19838290e-01
  0.00000000e+00 0.00000000e+00 0.00000000e+00 0.00000000e+00
  1.00905409e-01 0.00000000e+00]
 [0.00000000e+00 0.00000000e+00 0.00000000e+00 2.48483973e-01
  0.00000000e+00 0.00000000e+00 0.00000000e+00 0.00000000e+00
  0.00000000e+00 0.00000000e+00]
 [0.00000000e+00 0.00000000e+00 0.00000000e+00 7.21917413e-04
  0.00000000e+00 0.00000000e+00 0.00000000e+00 0.00000000e+00
  1.99309030e-01 0.00000000e+00]
 [0.00000000e+00 0.00000000e+00 0.00000000e+00 8.66300895e-04
  0.00000000e+00 0.00000000e+00 0.00000000e+00 0.00000000e+00
  2.00976888e-01 0.00000000e+00]
 [0.00000000e+00 0.00000000e+00 0.00000000e+00 4.33150448e-04
  0.00000000e+00 0.00000000e+00 1.00000000e+00 0.00000000e+00
  0.00000000e+00 0.00000000e+00]
 [0.00000000e+00 0.00000000e+00 0.00000000e+00 1.27346232e-01
  0.00000000e+00 0.00000000e+00 0.00000000e+00 0.00000000e+00
  9.30426495e-02 0.00000000e+00]
 [0.00000000e+00 0.00000000e+00 0.00000000e+00 1.01068438e-03
  0.00000000e+00 0.00000000e+00 0.00000000e+00 0.00000000e+00
  2.01691685e-01 0.00000000e+00]
 [0.00000000e+00 0.00000000e+00 0.00000000e+00 5.77533930e-04
  0.00000000e+00 0.00000000e+00 0.00000000e+00 0.00000000e+00
  2.04074339e-01 0.00000000e+00]]
matrix:[[0.00000000e+00 0.00000000e+00 0.00000000e+00 0.00000000e+00
  0.00000000e+00 0.00000000e+00 1.11886743e-01 0.00000000e+00
  0.00000000e+00 0.00000000e+00]
 [0.00000000e+00 6.66666667e-01 0.00000000e+00 0.00000000e+00
  0.00000000e+00 0.00000000e+00 1.12865344e-01 0.00000000e+00
  0.00000000e+00 0.00000000e+00]
 [0.00000000e+00 0.00000000e+00 1.00000000e+00 0.00000000e+00
  0.00000000e+00 0.00000000e+00 8.48121086e-04 0.00000000e+00
  0.00000000e+00 0.00000000e+00]
 [0.00000000e+00 0.00000000e+00 0.00000000e+00 0.00000000e+00
  0.00000000e+00 0.00000000e+00 1.08429019e-01 0.00000000e+00
  0.00000000e+00 0.00000000e+00]
 [0.00000000e+00 0.00000000e+00 0.00000000e+00 0.00000000e+00
  0.00000000e+00 0.00000000e+00 1.11169102e-01 0.00000000e+00
  0.00000000e+00 0.00000000e+00]
 [0.00000000e+00 0.00000000e+00 0.00000000e+00 0.00000000e+00
  0.00000000e+00 0.00000000e+00 1.09994781e-01 0.00000000e+00
  0.00000000e+00 0.00000000e+00]
 [0.00000000e+00 0.00000000e+00 0.00000000e+00 0.00000000e+00
  0.00000000e+00 0.00000000e+00 1.09538100e-01 0.00000000e+00
  0.00000000e+00 0.00000000e+00]
 [0.00000000e+00 3.33333333e-01 0.00000000e+00 0.00000000e+00
  0.00000000e+00 0.00000000e+00 1.10647182e-01 0.00000000e+00
  0.00000000e+00 0.00000000e+00]
 [0.00000000e+00 0.00000000e+00 0.00000000e+00 0.00000000e+00
  0.00000000e+00 0.00000000e+00 1.12278184e-01 0.00000000e+00
  0.00000000e+00 0.00000000e+00]
 [0.00000000e+00 0.00000000e+00 0.00000000e+00 0.00000000e+00
  0.00000000e+00 0.00000000e+00 1.12343424e-01 0.00000000e+00
  0.00000000e+00 0.00000000e+00]]
matrix:[[1.10791048e-03 0.00000000e+00 0.00000000e+00 2.13524025e-01
  0.00000000e+00 0.00000000e+00 0.00000000e+00 0.00000000e+00
  0.00000000e+00 0.00000000e+00]
 [0.00000000e+00 0.00000000e+00 0.00000000e+00 2.19044035e-01
  0.00000000e+00 0.00000000e+00 0.00000000e+00 0.00000000e+00
  0.00000000e+00 0.00000000e+00]
 [6.29293153e-02 0.00000000e+00 0.00000000e+00 1.48036633e-01
  0.00000000e+00 0.00000000e+00 0.00000000e+00 0.00000000e+00
  0.00000000e+00 0.00000000e+00]
 [0.00000000e+00 0.00000000e+00 0.00000000e+00 2.15782211e-01
  0.00000000e+00 0.00000000e+00 0.00000000e+00 0.00000000e+00
  0.00000000e+00 0.00000000e+00]
 [1.84023931e-01 0.00000000e+00 0.00000000e+00 8.78183415e-04
  0.00000000e+00 0.00000000e+00 0.00000000e+00 0.00000000e+00
  0.00000000e+00 0.00000000e+00]
 [1.85464214e-01 0.00000000e+00 0.00000000e+00 5.01819094e-04
  0.00000000e+00 0.00000000e+00 0.00000000e+00 0.00000000e+00
  0.00000000e+00 0.00000000e+00]
 [1.10126302e-01 0.00000000e+00 0.00000000e+00 8.95747083e-02
  0.00000000e+00 0.00000000e+00 0.00000000e+00 0.00000000e+00
  0.00000000e+00 0.00000000e+00]
 [8.96299579e-02 0.00000000e+00 0.00000000e+00 1.11152929e-01
  0.00000000e+00 0.00000000e+00 0.00000000e+00 0.00000000e+00
  0.00000000e+00 1.00000000e+00]
 [1.85021050e-01 0.00000000e+00 0.00000000e+00 7.52728641e-04
  0.00000000e+00 0.00000000e+00 0.00000000e+00 0.00000000e+00
  0.00000000e+00 0.00000000e+00]
 [1.81697319e-01 0.00000000e+00 0.00000000e+00 7.52728641e-04
  0.00000000e+00 0.00000000e+00 0.00000000e+00 0.00000000e+00
  0.00000000e+00 0.00000000e+00]]
matrix:[[0.00000000e+00 2.50000000e-01 0.00000000e+00 0.00000000e+00
  1.12455842e-01 0.00000000e+00 0.00000000e+00 0.00000000e+00
  0.00000000e+00 0.00000000e+00]
 [0.00000000e+00 0.00000000e+00 0.00000000e+00 0.00000000e+00
  1.10558681e-01 0.00000000e+00 0.00000000e+00 0.00000000e+00
  0.00000000e+00 0.00000000e+00]
 [0.00000000e+00 0.00000000e+00 0.00000000e+00 0.00000000e+00
  1.10558681e-01 0.00000000e+00 0.00000000e+00 0.00000000e+00
  0.00000000e+00 0.00000000e+00]
 [0.00000000e+00 2.50000000e-01 0.00000000e+00 0.00000000e+00
  1.13633390e-01 0.00000000e+00 0.00000000e+00 0.00000000e+00
  0.00000000e+00 0.00000000e+00]
 [0.00000000e+00 0.00000000e+00 0.00000000e+00 0.00000000e+00
  1.10689520e-01 0.00000000e+00 0.00000000e+00 0.00000000e+00
  0.00000000e+00 0.00000000e+00]
 [0.00000000e+00 2.50000000e-01 0.00000000e+00 0.00000000e+00
  1.12455842e-01 0.00000000e+00 0.00000000e+00 0.00000000e+00
  0.00000000e+00 0.00000000e+00]
 [0.00000000e+00 2.50000000e-01 0.00000000e+00 0.00000000e+00
  3.27096690e-04 0.00000000e+00 1.00000000e+00 0.00000000e+00
  0.00000000e+00 0.00000000e+00]
 [0.00000000e+00 0.00000000e+00 0.00000000e+00 0.00000000e+00
  1.11932487e-01 0.00000000e+00 0.00000000e+00 0.00000000e+00
  0.00000000e+00 0.00000000e+00]
 [0.00000000e+00 0.00000000e+00 0.00000000e+00 0.00000000e+00
  1.07222295e-01 0.00000000e+00 0.00000000e+00 0.00000000e+00
  0.00000000e+00 0.00000000e+00]
 [0.00000000e+00 0.00000000e+00 0.00000000e+00 0.00000000e+00
  1.10166165e-01 0.00000000e+00 0.00000000e+00 0.00000000e+00
  0.00000000e+00 0.00000000e+00]]
matrix:[[0.00000000e+00 0.00000000e+00 1.09087283e-01 0.00000000e+00
  1.66666667e-01 0.00000000e+00 0.00000000e+00 0.00000000e+00
  2.81853282e-01 0.00000000e+00]
 [0.00000000e+00 0.00000000e+00 1.05896430e-01 0.00000000e+00
  1.66666667e-01 0.00000000e+00 0.00000000e+00 0.00000000e+00
  5.01930502e-01 0.00000000e+00]
 [0.00000000e+00 0.00000000e+00 1.13541182e-01 0.00000000e+00
  0.00000000e+00 0.00000000e+00 0.00000000e+00 0.00000000e+00
  0.00000000e+00 0.00000000e+00]
 [0.00000000e+00 0.00000000e+00 1.10350329e-01 0.00000000e+00
  0.00000000e+00 0.00000000e+00 0.00000000e+00 0.00000000e+00
  2.16216216e-01 0.00000000e+00]
 [0.00000000e+00 0.00000000e+00 1.14737752e-01 0.00000000e+00
  1.66666667e-01 0.00000000e+00 0.00000000e+00 0.00000000e+00
  0.00000000e+00 0.00000000e+00]
 [0.00000000e+00 0.00000000e+00 1.11480423e-01 0.00000000e+00
  1.66666667e-01 0.00000000e+00 0.00000000e+00 0.00000000e+00
  0.00000000e+00 0.00000000e+00]
 [0.00000000e+00 0.00000000e+00 3.32380509e-04 0.00000000e+00
  0.00000000e+00 0.00000000e+00 1.00000000e+00 0.00000000e+00
  0.00000000e+00 0.00000000e+00]
 [0.00000000e+00 0.00000000e+00 1.09419664e-01 0.00000000e+00
  1.66666667e-01 0.00000000e+00 0.00000000e+00 0.00000000e+00
  0.00000000e+00 0.00000000e+00]
 [0.00000000e+00 0.00000000e+00 1.08887855e-01 0.00000000e+00
  1.66666667e-01 0.00000000e+00 0.00000000e+00 0.00000000e+00
  0.00000000e+00 0.00000000e+00]
 [0.00000000e+00 0.00000000e+00 1.16266702e-01 0.00000000e+00
  0.00000000e+00 0.00000000e+00 0.00000000e+00 0.00000000e+00
  0.00000000e+00 0.00000000e+00]]
matrix:[[0.         0.         0.         0.         0.         0.
  0.0998529  0.         0.         0.        ]
 [0.         0.         0.2        0.         0.         0.
  0.10279494 0.         0.         0.        ]
 [0.         0.         0.         0.         0.         0.
  0.09555752 0.         0.         0.        ]
 [0.         0.         0.         0.         0.         0.
  0.1027361  0.         0.         0.        ]
 [0.         0.         0.         0.         0.         0.
  0.10026478 0.         0.         0.        ]
 [0.         0.         0.         0.         0.         0.
  0.1017358  0.         0.         0.        ]
 [0.         0.         0.         0.         0.         0.
  0.09891144 0.         0.         0.        ]
 [0.         0.         0.8        0.         0.         0.
  0.09744042 0.         0.         0.        ]
 [0.         0.         0.         0.         0.         0.
  0.10032362 0.         0.         0.        ]
 [0.         0.         0.         0.         0.         0.
  0.10038247 0.         0.         0.        ]]
