matrix:[[1.         0.         0.         ... 0.         0.         0.        ]
 [0.         1.         0.         ... 0.         0.         0.        ]
 [0.         0.         0.54789015 ... 0.         0.         0.        ]
 ...
 [0.         0.         0.         ... 1.         0.00118483 0.        ]
 [0.         0.         0.         ... 0.         0.9964455  0.        ]
 [0.         0.         0.         ... 0.         0.         1.        ]]
matrix:[[0.         0.         1.         ... 0.         0.         0.        ]
 [0.         0.         0.         ... 0.         0.         0.        ]
 [0.         0.         0.         ... 0.         0.         0.        ]
 ...
 [0.         0.         0.         ... 0.         0.         0.        ]
 [0.         0.         0.         ... 0.         0.99769585 0.        ]
 [0.         0.         0.         ... 0.         0.         0.95088521]]
matrix:[[0. 0. 0. ... 0. 0. 0.]
 [0. 0. 0. ... 0. 0. 0.]
 [0. 0. 0. ... 0. 0. 0.]
 ...
 [0. 0. 0. ... 0. 0. 0.]
 [0. 0. 0. ... 0. 0. 0.]
 [0. 0. 0. ... 0. 0. 0.]]
