matrix:[[0.02030588 0.         0.         ... 0.         0.         0.        ]
 [0.02014118 0.         0.         ... 0.         0.         0.        ]
 [0.01969412 0.         0.         ... 0.         0.         0.        ]
 ...
 [0.01989412 0.         0.         ... 0.         0.         0.        ]
 [0.02057647 0.         0.         ... 0.         0.         0.        ]
 [0.02021176 0.         0.         ... 0.         0.         0.        ]]
matrix:[[0.01923529 0.         0.         ... 0.         0.         0.        ]
 [0.0204     0.         0.         ... 0.         0.         0.        ]
 [0.01958824 0.         0.         ... 0.         0.         0.        ]
 ...
 [0.01995294 0.         0.         ... 0.         0.         0.        ]
 [0.01996471 0.         0.         ... 0.         0.         0.        ]
 [0.02002353 0.         0.         ... 0.         0.         0.        ]]
matrix:[[0.02041176 0.         0.         ... 0.         0.         0.        ]
 [0.02008235 0.         0.         ... 0.         0.         0.        ]
 [0.02022353 0.         0.         ... 0.         0.         0.        ]
 ...
 [0.01987059 0.         0.         ... 0.         0.         0.        ]
 [0.01957647 0.         0.         ... 0.         0.         0.        ]
 [0.02088235 0.         0.         ... 0.         0.         0.        ]]
matrix:[[0.0204     0.         0.         ... 0.         0.         0.        ]
 [0.02012941 0.         0.         ... 0.         0.         0.        ]
 [0.02032941 0.         0.         ... 0.         0.         0.        ]
 ...
 [0.02004706 0.         0.         ... 0.         0.         0.        ]
 [0.02024706 0.         0.         ... 0.         0.         0.        ]
 [0.02038824 0.         0.         ... 0.         0.         0.        ]]
matrix:[[0.01971765 0.         0.         ... 0.         0.         0.        ]
 [0.01992941 0.         0.         ... 0.         0.         0.        ]
 [0.01947059 0.         0.         ... 0.         0.         0.        ]
 ...
 [0.01948235 0.         0.         ... 0.         0.         0.        ]
 [0.02051765 0.         0.         ... 0.         0.         0.        ]
 [0.01952941 0.         0.         ... 0.         0.         0.        ]]
matrix:[[0.02009412 0.         0.         ... 0.         0.         0.        ]
 [0.02008235 0.         0.         ... 0.         0.         0.        ]
 [0.01971765 0.         0.         ... 0.         0.         0.        ]
 ...
 [0.01962353 0.         0.         ... 0.         0.         0.        ]
 [0.02022353 0.         0.         ... 0.         0.         0.        ]
 [0.01969412 0.         0.         ... 0.         0.         0.        ]]
matrix:[[0.01996471 0.         0.         ... 0.         0.         0.        ]
 [0.01994118 0.         0.         ... 0.         0.         0.        ]
 [0.02002353 0.         0.         ... 0.         0.         0.        ]
 ...
 [0.01949412 0.         0.         ... 0.         0.         0.        ]
 [0.01941176 0.         0.         ... 0.         0.         0.        ]
 [0.01989412 0.         0.         ... 0.         0.         0.        ]]
matrix:[[0.01969412 0.         0.         ... 0.         0.         0.        ]
 [0.01952941 0.         0.         ... 0.         0.         0.        ]
 [0.0204     0.         0.         ... 0.         0.         0.        ]
 ...
 [0.02045882 0.         0.         ... 0.         0.         0.        ]
 [0.02018824 0.         0.         ... 0.         0.         0.        ]
 [0.0202     0.         0.         ... 0.         0.         0.        ]]
matrix:[[0.02007059 0.         0.         ... 0.         0.         0.        ]
 [0.01970588 0.         0.         ... 0.         0.         0.        ]
 [0.02009412 0.         0.         ... 0.         0.         0.        ]
 ...
 [0.01955294 0.         0.         ... 0.         0.         0.        ]
 [0.01992941 0.         0.         ... 0.         0.         0.        ]
 [0.02052941 0.         0.         ... 0.         0.         0.        ]]
matrix:[[0.01997647 0.         0.         ... 0.         0.         0.        ]
 [0.01977647 0.         0.         ... 0.         0.         0.        ]
 [0.02057647 0.         0.         ... 0.         0.         0.        ]
 ...
 [0.0204     0.         0.         ... 0.         0.         0.        ]
 [0.02012941 0.         0.         ... 0.         0.         0.        ]
 [0.01968235 0.         0.         ... 0.         0.         0.        ]]
