matrix:[[0. 0. 0. ... 0. 0. 0.]
 [0. 0. 0. ... 0. 0. 0.]
 [0. 0. 0. ... 0. 0. 0.]
 ...
 [0. 0. 0. ... 0. 0. 0.]
 [0. 0. 0. ... 0. 0. 0.]
 [0. 0. 0. ... 0. 0. 0.]]
matrix:[[4.89577129e-01 0.00000000e+00 0.00000000e+00 ... 0.00000000e+00
  0.00000000e+00 0.00000000e+00]
 [0.00000000e+00 0.00000000e+00 0.00000000e+00 ... 0.00000000e+00
  0.00000000e+00 0.00000000e+00]
 [0.00000000e+00 0.00000000e+00 0.00000000e+00 ... 0.00000000e+00
  0.00000000e+00 0.00000000e+00]
 ...
 [2.97796307e-04 0.00000000e+00 0.00000000e+00 ... 0.00000000e+00
  0.00000000e+00 0.00000000e+00]
 [0.00000000e+00 0.00000000e+00 0.00000000e+00 ... 0.00000000e+00
  0.00000000e+00 0.00000000e+00]
 [0.00000000e+00 0.00000000e+00 0.00000000e+00 ... 0.00000000e+00
  0.00000000e+00 0.00000000e+00]]
