matrix:[[0. 0. 0. ... 0. 0. 0.]
 [0. 0. 0. ... 0. 0. 0.]
 [0. 0. 0. ... 0. 0. 0.]
 ...
 [0. 0. 0. ... 0. 0. 0.]
 [0. 0. 0. ... 0. 0. 0.]
 [0. 0. 0. ... 0. 0. 0.]]
matrix:[[0. 0. 0. ... 0. 0. 0.]
 [0. 0. 0. ... 0. 0. 0.]
 [0. 0. 0. ... 0. 0. 0.]
 ...
 [0. 0. 0. ... 0. 0. 0.]
 [0. 0. 0. ... 0. 0. 0.]
 [0. 0. 0. ... 0. 0. 0.]]
matrix:[[0.02439024 0.         0.         ... 0.         0.         0.        ]
 [0.01829268 0.         0.         ... 0.2537511  0.         0.        ]
 [0.0152439  0.         0.         ... 0.         0.         0.        ]
 ...
 [0.03353659 0.         0.         ... 0.36893204 0.         0.        ]
 [0.01219512 0.         0.         ... 0.         0.         0.        ]
 [0.02439024 0.         0.         ... 0.         0.         0.        ]]
matrix:[[1.44287741e-01 0.00000000e+00 0.00000000e+00 ... 0.00000000e+00
  2.93190647e-04 0.00000000e+00]
 [1.36443295e-01 0.00000000e+00 0.00000000e+00 ... 0.00000000e+00
  1.46595324e-04 0.00000000e+00]
 [0.00000000e+00 0.00000000e+00 0.00000000e+00 ... 0.00000000e+00
  5.86381294e-04 0.00000000e+00]
 ...
 [0.00000000e+00 0.00000000e+00 0.00000000e+00 ... 0.00000000e+00
  0.00000000e+00 0.00000000e+00]
 [0.00000000e+00 0.00000000e+00 0.00000000e+00 ... 0.00000000e+00
  1.27318039e-01 0.00000000e+00]
 [1.40282066e-01 0.00000000e+00 0.00000000e+00 ... 0.00000000e+00
  7.32976618e-05 0.00000000e+00]]
