matrix:[[0.10211765 0.         0.         0.         0.         0.
  0.         0.         0.         0.        ]
 [0.09541176 0.         0.         0.         0.         0.
  0.         0.         0.         0.        ]
 [0.09958824 0.         0.         0.         0.         0.
  0.         0.         0.         0.        ]
 [0.09958824 0.         0.         0.         0.         0.
  0.         0.         0.         0.        ]
 [0.09782353 0.         0.         0.         0.         0.
  0.         0.         0.         0.        ]
 [0.10194118 0.         0.         0.         0.         0.
  0.         0.         0.         0.        ]
 [0.10076471 0.         0.         0.         0.         0.
  0.         0.         0.         0.        ]
 [0.09894118 0.         0.         0.         0.         0.
  0.         0.         0.         0.        ]
 [0.10141176 0.         0.         0.         0.         0.
  0.         0.         0.         0.        ]
 [0.10241176 0.         0.         0.         0.         0.
  0.         0.         0.         0.        ]]
matrix:[[0.         0.         0.09935294 0.         0.         0.
  0.         0.         0.         0.        ]
 [0.         0.         0.10152941 0.         0.         0.
  0.         0.         0.         0.        ]
 [0.         0.         0.10052941 0.         0.         0.
  0.         0.         0.         0.        ]
 [0.         0.         0.09882353 0.         0.         0.
  0.         0.         0.         0.        ]
 [0.         0.         0.09717647 0.         0.         0.
  0.         0.         0.         0.        ]
 [0.         0.         0.09858824 0.         0.         0.
  0.         0.         0.         0.        ]
 [0.         0.         0.09994118 0.         0.         0.
  0.         0.         0.         0.        ]
 [0.         0.         0.10041176 0.         0.         0.
  0.         0.         0.         0.        ]
 [0.         0.         0.10447059 0.         0.         0.
  0.         0.         0.         0.        ]
 [0.         0.         0.09917647 0.         0.         0.
  0.         0.         0.         0.        ]]
matrix:[[9.98800240e-01 0.00000000e+00 0.00000000e+00 2.33644860e-03
  0.00000000e+00 0.00000000e+00 5.94530321e-04 1.74013921e-03
  0.00000000e+00 0.00000000e+00]
 [0.00000000e+00 1.00000000e+00 0.00000000e+00 1.16822430e-03
  0.00000000e+00 0.00000000e+00 5.94530321e-04 1.74013921e-03
  0.00000000e+00 0.00000000e+00]
 [0.00000000e+00 0.00000000e+00 1.00000000e+00 1.75233645e-03
  0.00000000e+00 0.00000000e+00 0.00000000e+00 1.74013921e-03
  0.00000000e+00 0.00000000e+00]
 [0.00000000e+00 0.00000000e+00 0.00000000e+00 9.82476636e-01
  0.00000000e+00 0.00000000e+00 0.00000000e+00 5.80046404e-04
  0.00000000e+00 0.00000000e+00]
 [1.19976005e-03 0.00000000e+00 0.00000000e+00 5.84112150e-04
  1.00000000e+00 0.00000000e+00 0.00000000e+00 5.80046404e-03
  0.00000000e+00 0.00000000e+00]
 [0.00000000e+00 0.00000000e+00 0.00000000e+00 5.84112150e-04
  0.00000000e+00 1.00000000e+00 5.94530321e-04 5.80046404e-04
  0.00000000e+00 0.00000000e+00]
 [0.00000000e+00 0.00000000e+00 0.00000000e+00 0.00000000e+00
  0.00000000e+00 0.00000000e+00 9.97621879e-01 2.32018561e-03
  0.00000000e+00 0.00000000e+00]
 [0.00000000e+00 0.00000000e+00 0.00000000e+00 1.16822430e-03
  0.00000000e+00 0.00000000e+00 0.00000000e+00 9.82018561e-01
  0.00000000e+00 0.00000000e+00]
 [0.00000000e+00 0.00000000e+00 0.00000000e+00 2.92056075e-03
  0.00000000e+00 0.00000000e+00 0.00000000e+00 1.16009281e-03
  1.00000000e+00 0.00000000e+00]
 [0.00000000e+00 0.00000000e+00 0.00000000e+00 7.00934579e-03
  0.00000000e+00 0.00000000e+00 5.94530321e-04 2.32018561e-03
  0.00000000e+00 1.00000000e+00]]
matrix:[[0.09835294 0.         0.         0.         0.         0.
  0.         0.         0.         0.        ]
 [0.10070588 0.         0.         0.         0.         0.
  0.         0.         0.         0.        ]
 [0.10088235 0.         0.         0.         0.         0.
  0.         0.         0.         0.        ]
 [0.10135294 0.         0.         0.         0.         0.
  0.         0.         0.         0.        ]
 [0.10105882 0.         0.         0.         0.         0.
  0.         0.         0.         0.        ]
 [0.09611765 0.         0.         0.         0.         0.
  0.         0.         0.         0.        ]
 [0.10188235 0.         0.         0.         0.         0.
  0.         0.         0.         0.        ]
 [0.10017647 0.         0.         0.         0.         0.
  0.         0.         0.         0.        ]
 [0.09941176 0.         0.         0.         0.         0.
  0.         0.         0.         0.        ]
 [0.10005882 0.         0.         0.         0.         0.
  0.         0.         0.         0.        ]]
matrix:[[0.         0.         0.         0.09817647 0.         0.
  0.         0.         0.         0.        ]
 [0.         0.         0.         0.10041176 0.         0.
  0.         0.         0.         0.        ]
 [0.         0.         0.         0.10011765 0.         0.
  0.         0.         0.         0.        ]
 [0.         0.         0.         0.10429412 0.         0.
  0.         0.         0.         0.        ]
 [0.         0.         0.         0.10176471 0.         0.
  0.         0.         0.         0.        ]
 [0.         0.         0.         0.09711765 0.         0.
  0.         0.         0.         0.        ]
 [0.         0.         0.         0.09982353 0.         0.
  0.         0.         0.         0.        ]
 [0.         0.         0.         0.10023529 0.         0.
  0.         0.         0.         0.        ]
 [0.         0.         0.         0.098      0.         0.
  0.         0.         0.         0.        ]
 [0.         0.         0.         0.10005882 0.         0.
  0.         0.         0.         0.        ]]
matrix:[[0.         0.10123529 0.         0.         0.         0.
  0.         0.         0.         0.        ]
 [0.         0.09864706 0.         0.         0.         0.
  0.         0.         0.         0.        ]
 [0.         0.10335294 0.         0.         0.         0.
  0.         0.         0.         0.        ]
 [0.         0.10294118 0.         0.         0.         0.
  0.         0.         0.         0.        ]
 [0.         0.10105882 0.         0.         0.         0.
  0.         0.         0.         0.        ]
 [0.         0.10294118 0.         0.         0.         0.
  0.         0.         0.         0.        ]
 [0.         0.09541176 0.         0.         0.         0.
  0.         0.         0.         0.        ]
 [0.         0.09676471 0.         0.         0.         0.
  0.         0.         0.         0.        ]
 [0.         0.09858824 0.         0.         0.         0.
  0.         0.         0.         0.        ]
 [0.         0.09905882 0.         0.         0.         0.
  0.         0.         0.         0.        ]]
matrix:[[0.         0.         0.10088235 0.         0.         0.
  0.         0.         0.         0.        ]
 [0.         0.         0.09811765 0.         0.         0.
  0.         0.         0.         0.        ]
 [0.         0.         0.09952941 0.         0.         0.
  0.         0.         0.         0.        ]
 [0.         0.         0.09894118 0.         0.         0.
  0.         0.         0.         0.        ]
 [0.         0.         0.10135294 0.         0.         0.
  0.         0.         0.         0.        ]
 [0.         0.         0.10241176 0.         0.         0.
  0.         0.         0.         0.        ]
 [0.         0.         0.09911765 0.         0.         0.
  0.         0.         0.         0.        ]
 [0.         0.         0.10152941 0.         0.         0.
  0.         0.         0.         0.        ]
 [0.         0.         0.097      0.         0.         0.
  0.         0.         0.         0.        ]
 [0.         0.         0.10111765 0.         0.         0.
  0.         0.         0.         0.        ]]
matrix:[[9.68317972e-01 0.00000000e+00 0.00000000e+00 0.00000000e+00
  0.00000000e+00 0.00000000e+00 0.00000000e+00 0.00000000e+00
  0.00000000e+00 6.09756098e-04]
 [4.03225806e-03 5.05896226e-01 0.00000000e+00 0.00000000e+00
  0.00000000e+00 0.00000000e+00 0.00000000e+00 0.00000000e+00
  0.00000000e+00 0.00000000e+00]
 [2.88018433e-03 0.00000000e+00 9.98201439e-01 0.00000000e+00
  0.00000000e+00 0.00000000e+00 0.00000000e+00 0.00000000e+00
  0.00000000e+00 0.00000000e+00]
 [5.18433180e-03 0.00000000e+00 0.00000000e+00 9.94172494e-01
  0.00000000e+00 0.00000000e+00 0.00000000e+00 0.00000000e+00
  0.00000000e+00 6.09756098e-04]
 [4.60829493e-03 0.00000000e+00 5.99520384e-04 1.16550117e-03
  0.00000000e+00 0.00000000e+00 4.91139988e-01 0.00000000e+00
  5.69151964e-03 0.00000000e+00]
 [2.30414747e-03 4.94103774e-01 0.00000000e+00 1.74825175e-03
  0.00000000e+00 0.00000000e+00 0.00000000e+00 0.00000000e+00
  0.00000000e+00 0.00000000e+00]
 [2.30414747e-03 0.00000000e+00 5.99520384e-04 0.00000000e+00
  0.00000000e+00 0.00000000e+00 5.08860012e-01 0.00000000e+00
  0.00000000e+00 0.00000000e+00]
 [4.60829493e-03 0.00000000e+00 5.99520384e-04 0.00000000e+00
  0.00000000e+00 0.00000000e+00 0.00000000e+00 1.00000000e+00
  0.00000000e+00 0.00000000e+00]
 [3.45622120e-03 0.00000000e+00 0.00000000e+00 5.82750583e-04
  0.00000000e+00 0.00000000e+00 0.00000000e+00 0.00000000e+00
  9.94308480e-01 6.09756098e-04]
 [2.30414747e-03 0.00000000e+00 0.00000000e+00 2.33100233e-03
  0.00000000e+00 0.00000000e+00 0.00000000e+00 0.00000000e+00
  0.00000000e+00 9.98170732e-01]]
matrix:[[0.         0.09788235 0.         0.         0.         0.
  0.         0.         0.         0.        ]
 [0.         0.10276471 0.         0.         0.         0.
  0.         0.         0.         0.        ]
 [0.         0.09982353 0.         0.         0.         0.
  0.         0.         0.         0.        ]
 [0.         0.10005882 0.         0.         0.         0.
  0.         0.         0.         0.        ]
 [0.         0.09923529 0.         0.         0.         0.
  0.         0.         0.         0.        ]
 [0.         0.10223529 0.         0.         0.         0.
  0.         0.         0.         0.        ]
 [0.         0.10129412 0.         0.         0.         0.
  0.         0.         0.         0.        ]
 [0.         0.09747059 0.         0.         0.         0.
  0.         0.         0.         0.        ]
 [0.         0.09929412 0.         0.         0.         0.
  0.         0.         0.         0.        ]
 [0.         0.09994118 0.         0.         0.         0.
  0.         0.         0.         0.        ]]
matrix:[[0.         0.         0.         0.10129412 0.         0.
  0.         0.         0.         0.        ]
 [0.         0.         0.         0.10194118 0.         0.
  0.         0.         0.         0.        ]
 [0.         0.         0.         0.10023529 0.         0.
  0.         0.         0.         0.        ]
 [0.         0.         0.         0.09747059 0.         0.
  0.         0.         0.         0.        ]
 [0.         0.         0.         0.09823529 0.         0.
  0.         0.         0.         0.        ]
 [0.         0.         0.         0.10094118 0.         0.
  0.         0.         0.         0.        ]
 [0.         0.         0.         0.09917647 0.         0.
  0.         0.         0.         0.        ]
 [0.         0.         0.         0.10058824 0.         0.
  0.         0.         0.         0.        ]
 [0.         0.         0.         0.09929412 0.         0.
  0.         0.         0.         0.        ]
 [0.         0.         0.         0.10082353 0.         0.
  0.         0.         0.         0.        ]]
