matrix:[[1. 0. 0. ... 0. 0. 0.]
 [0. 1. 0. ... 0. 0. 0.]
 [0. 0. 0. ... 0. 0. 0.]
 ...
 [0. 0. 0. ... 0. 0. 0.]
 [0. 0. 0. ... 0. 1. 0.]
 [0. 0. 0. ... 0. 0. 1.]]
matrix:[[1. 0. 0. ... 0. 0. 0.]
 [0. 1. 0. ... 0. 0. 0.]
 [0. 0. 0. ... 0. 0. 0.]
 ...
 [0. 0. 0. ... 0. 0. 0.]
 [0. 0. 0. ... 0. 0. 0.]
 [0. 0. 0. ... 0. 0. 1.]]
matrix:[[1.         0.         0.         ... 0.         0.         0.        ]
 [0.         1.         0.         ... 0.         0.         0.        ]
 [0.         0.         0.24108584 ... 0.         0.         0.        ]
 ...
 [0.         0.         0.         ... 0.5110316  0.         0.        ]
 [0.         0.         0.         ... 0.         0.         0.        ]
 [0.         0.         0.         ... 0.         0.         1.        ]]
