matrix:[[0.00000000e+00 0.00000000e+00 0.00000000e+00 0.00000000e+00
  0.00000000e+00 0.00000000e+00 0.00000000e+00 1.38516080e-01
  0.00000000e+00 0.00000000e+00]
 [0.00000000e+00 0.00000000e+00 3.33203959e-01 0.00000000e+00
  0.00000000e+00 0.00000000e+00 0.00000000e+00 1.68819110e-04
  0.00000000e+00 0.00000000e+00]
 [0.00000000e+00 0.00000000e+00 3.42324859e-01 0.00000000e+00
  0.00000000e+00 0.00000000e+00 0.00000000e+00 1.68819110e-04
  0.00000000e+00 0.00000000e+00]
 [0.00000000e+00 0.00000000e+00 0.00000000e+00 0.00000000e+00
  0.00000000e+00 0.00000000e+00 0.00000000e+00 1.43749472e-01
  0.00000000e+00 0.00000000e+00]
 [0.00000000e+00 0.00000000e+00 0.00000000e+00 0.00000000e+00
  0.00000000e+00 0.00000000e+00 0.00000000e+00 1.41132776e-01
  0.00000000e+00 0.00000000e+00]
 [0.00000000e+00 0.00000000e+00 0.00000000e+00 0.00000000e+00
  0.00000000e+00 0.00000000e+00 0.00000000e+00 1.45184435e-01
  0.00000000e+00 0.00000000e+00]
 [0.00000000e+00 0.00000000e+00 3.24471182e-01 0.00000000e+00
  0.00000000e+00 0.00000000e+00 0.00000000e+00 6.75276441e-04
  0.00000000e+00 0.00000000e+00]
 [0.00000000e+00 0.00000000e+00 0.00000000e+00 0.00000000e+00
  0.00000000e+00 0.00000000e+00 0.00000000e+00 1.40795138e-01
  0.00000000e+00 0.00000000e+00]
 [0.00000000e+00 0.00000000e+00 0.00000000e+00 0.00000000e+00
  0.00000000e+00 0.00000000e+00 0.00000000e+00 1.47885541e-01
  0.00000000e+00 0.00000000e+00]
 [0.00000000e+00 0.00000000e+00 0.00000000e+00 0.00000000e+00
  0.00000000e+00 0.00000000e+00 0.00000000e+00 1.41723643e-01
  0.00000000e+00 0.00000000e+00]]
matrix:[[0.00000000e+00 1.66814727e-01 0.00000000e+00 0.00000000e+00
  5.84225901e-04 0.00000000e+00 0.00000000e+00 0.00000000e+00
  0.00000000e+00 0.00000000e+00]
 [0.00000000e+00 1.62570329e-01 0.00000000e+00 0.00000000e+00
  7.78967868e-04 0.00000000e+00 0.00000000e+00 0.00000000e+00
  0.00000000e+00 0.00000000e+00]
 [0.00000000e+00 0.00000000e+00 1.00000000e+00 0.00000000e+00
  5.84225901e-04 0.00000000e+00 0.00000000e+00 0.00000000e+00
  0.00000000e+00 0.00000000e+00]
 [0.00000000e+00 1.67999210e-01 0.00000000e+00 0.00000000e+00
  9.73709834e-04 0.00000000e+00 0.00000000e+00 0.00000000e+00
  0.00000000e+00 0.00000000e+00]
 [0.00000000e+00 1.97413878e-04 0.00000000e+00 0.00000000e+00
  3.30866602e-01 0.00000000e+00 0.00000000e+00 0.00000000e+00
  0.00000000e+00 0.00000000e+00]
 [0.00000000e+00 1.64741881e-01 0.00000000e+00 0.00000000e+00
  7.78967868e-04 0.00000000e+00 0.00000000e+00 0.00000000e+00
  0.00000000e+00 0.00000000e+00]
 [0.00000000e+00 1.64248347e-01 0.00000000e+00 0.00000000e+00
  1.36319377e-03 0.00000000e+00 0.00000000e+00 0.00000000e+00
  0.00000000e+00 0.00000000e+00]
 [0.00000000e+00 0.00000000e+00 0.00000000e+00 0.00000000e+00
  3.32619279e-01 0.00000000e+00 0.00000000e+00 0.00000000e+00
  0.00000000e+00 0.00000000e+00]
 [0.00000000e+00 1.73329385e-01 0.00000000e+00 0.00000000e+00
  9.73709834e-04 0.00000000e+00 0.00000000e+00 0.00000000e+00
  0.00000000e+00 0.00000000e+00]
 [0.00000000e+00 9.87069391e-05 0.00000000e+00 0.00000000e+00
  3.30477118e-01 0.00000000e+00 0.00000000e+00 0.00000000e+00
  0.00000000e+00 0.00000000e+00]]
matrix:[[0.00000000e+00 0.00000000e+00 2.00000000e-01 0.00000000e+00
  1.12771356e-03 0.00000000e+00 1.22992267e-01 0.00000000e+00
  0.00000000e+00 0.00000000e+00]
 [0.00000000e+00 0.00000000e+00 2.00000000e-01 0.00000000e+00
  4.94784325e-01 0.00000000e+00 0.00000000e+00 0.00000000e+00
  0.00000000e+00 0.00000000e+00]
 [0.00000000e+00 0.00000000e+00 2.00000000e-01 0.00000000e+00
  4.96475895e-01 0.00000000e+00 7.43604997e-05 0.00000000e+00
  0.00000000e+00 0.00000000e+00]
 [0.00000000e+00 0.00000000e+00 0.00000000e+00 0.00000000e+00
  1.12771356e-03 0.00000000e+00 1.21876859e-01 0.00000000e+00
  0.00000000e+00 0.00000000e+00]
 [0.00000000e+00 0.00000000e+00 2.00000000e-01 0.00000000e+00
  1.12771356e-03 0.00000000e+00 1.25223081e-01 0.00000000e+00
  0.00000000e+00 0.00000000e+00]
 [0.00000000e+00 0.00000000e+00 0.00000000e+00 0.00000000e+00
  1.40964195e-03 0.00000000e+00 1.23958953e-01 0.00000000e+00
  0.00000000e+00 0.00000000e+00]
 [0.00000000e+00 0.00000000e+00 2.00000000e-01 0.00000000e+00
  2.81928390e-04 0.00000000e+00 1.28866746e-01 0.00000000e+00
  0.00000000e+00 0.00000000e+00]
 [0.00000000e+00 0.00000000e+00 0.00000000e+00 0.00000000e+00
  1.12771356e-03 0.00000000e+00 1.26933373e-01 0.00000000e+00
  0.00000000e+00 0.00000000e+00]
 [0.00000000e+00 0.00000000e+00 0.00000000e+00 0.00000000e+00
  1.40964195e-03 0.00000000e+00 1.21207615e-01 0.00000000e+00
  0.00000000e+00 0.00000000e+00]
 [0.00000000e+00 0.00000000e+00 0.00000000e+00 0.00000000e+00
  1.12771356e-03 0.00000000e+00 1.28866746e-01 0.00000000e+00
  0.00000000e+00 0.00000000e+00]]
matrix:[[0.         0.         0.00043681 0.         0.         0.
  0.         0.         0.         0.16275168]
 [0.         0.         0.2549505  0.         0.         0.
  0.         0.         0.         0.        ]
 [0.         0.         0.25145603 0.         0.         0.
  0.         0.         0.         0.        ]
 [0.         0.         0.         0.         0.         0.
  0.         0.         0.         0.17104224]
 [0.         0.         0.00043681 0.         0.         0.
  0.         0.         0.         0.16492302]
 [0.         0.         0.24170064 0.         0.         0.
  0.         0.         0.         0.        ]
 [0.         0.         0.24956319 0.         0.         0.
  0.         0.         0.         0.        ]
 [0.         0.         0.00058241 0.         0.         0.
  0.         0.         0.         0.16788393]
 [0.         0.         0.00043681 0.         0.         0.
  0.         0.         0.         0.17193052]
 [0.         0.         0.00043681 0.         0.         0.
  0.         0.         0.         0.16146861]]
matrix:[[0.         0.         0.         0.         0.         0.
  0.         0.         0.         0.09694118]
 [0.         0.         0.         0.         0.         0.
  0.         0.         0.         0.10052941]
 [0.         0.         0.         0.         0.         0.
  0.         0.         0.         0.10023529]
 [0.         0.         0.         0.         0.         0.
  0.         0.         0.         0.10194118]
 [0.         0.         0.         0.         0.         0.
  0.         0.         0.         0.10052941]
 [0.         0.         0.         0.         0.         0.
  0.         0.         0.         0.10182353]
 [0.         0.         0.         0.         0.         0.
  0.         0.         0.         0.09923529]
 [0.         0.         0.         0.         0.         0.
  0.         0.         0.         0.09758824]
 [0.         0.         0.         0.         0.         0.
  0.         0.         0.         0.10135294]
 [0.         0.         0.         0.         0.         0.
  0.         0.         0.         0.09982353]]
matrix:[[0.         0.         0.         0.         0.09658824 0.
  0.         0.         0.         0.        ]
 [0.         0.         0.         0.         0.09888235 0.
  0.         0.         0.         0.        ]
 [0.         0.         0.         0.         0.09917647 0.
  0.         0.         0.         0.        ]
 [0.         0.         0.         0.         0.09841176 0.
  0.         0.         0.         0.        ]
 [0.         0.         0.         0.         0.09988235 0.
  0.         0.         0.         0.        ]
 [0.         0.         0.         0.         0.10270588 0.
  0.         0.         0.         0.        ]
 [0.         0.         0.         0.         0.10211765 0.
  0.         0.         0.         0.        ]
 [0.         0.         0.         0.         0.10152941 0.
  0.         0.         0.         0.        ]
 [0.         0.         0.         0.         0.09858824 0.
  0.         0.         0.         0.        ]
 [0.         0.         0.         0.         0.10211765 0.
  0.         0.         0.         0.        ]]
matrix:[[0.         0.00043757 0.         0.         0.         0.
  0.         0.16719243 0.         0.        ]
 [0.         0.24693699 0.         0.         0.         0.
  0.         0.         0.         0.        ]
 [0.         0.24285298 0.         0.         0.         0.
  0.         0.         0.         0.        ]
 [0.         0.00029172 0.         0.         0.         0.
  0.         0.16729101 0.         0.        ]
 [0.         0.00029172 0.         0.         0.         0.
  0.         0.16689669 0.         0.        ]
 [0.         0.25422987 0.         0.         0.         0.
  0.         0.         0.         0.        ]
 [0.         0.25233372 0.         0.         0.         0.
  0.         0.         0.         0.        ]
 [0.         0.00072929 0.         0.         0.         0.
  0.         0.16324921 0.         0.        ]
 [0.         0.001021   0.         0.         0.         0.
  0.         0.16965694 0.         0.        ]
 [0.         0.00087515 0.         0.         0.         0.
  0.         0.16571372 0.         0.        ]]
matrix:[[0.00000000e+00 0.00000000e+00 0.00000000e+00 1.63414634e-01
  0.00000000e+00 0.00000000e+00 0.00000000e+00 0.00000000e+00
  0.00000000e+00 0.00000000e+00]
 [0.00000000e+00 0.00000000e+00 2.48148148e-01 3.90243902e-04
  0.00000000e+00 0.00000000e+00 0.00000000e+00 0.00000000e+00
  0.00000000e+00 0.00000000e+00]
 [0.00000000e+00 0.00000000e+00 2.43259259e-01 4.87804878e-04
  0.00000000e+00 0.00000000e+00 0.00000000e+00 0.00000000e+00
  0.00000000e+00 0.00000000e+00]
 [0.00000000e+00 0.00000000e+00 0.00000000e+00 1.68195122e-01
  0.00000000e+00 0.00000000e+00 0.00000000e+00 0.00000000e+00
  0.00000000e+00 0.00000000e+00]
 [0.00000000e+00 0.00000000e+00 0.00000000e+00 1.65463415e-01
  0.00000000e+00 0.00000000e+00 0.00000000e+00 0.00000000e+00
  0.00000000e+00 0.00000000e+00]
 [0.00000000e+00 0.00000000e+00 2.57481481e-01 9.75609756e-05
  0.00000000e+00 0.00000000e+00 0.00000000e+00 0.00000000e+00
  0.00000000e+00 0.00000000e+00]
 [0.00000000e+00 0.00000000e+00 2.51111111e-01 3.90243902e-04
  0.00000000e+00 0.00000000e+00 0.00000000e+00 0.00000000e+00
  0.00000000e+00 0.00000000e+00]
 [0.00000000e+00 0.00000000e+00 0.00000000e+00 1.69365854e-01
  0.00000000e+00 0.00000000e+00 0.00000000e+00 0.00000000e+00
  0.00000000e+00 0.00000000e+00]
 [0.00000000e+00 0.00000000e+00 0.00000000e+00 1.64390244e-01
  0.00000000e+00 0.00000000e+00 0.00000000e+00 0.00000000e+00
  0.00000000e+00 0.00000000e+00]
 [0.00000000e+00 0.00000000e+00 0.00000000e+00 1.67804878e-01
  0.00000000e+00 0.00000000e+00 0.00000000e+00 0.00000000e+00
  0.00000000e+00 0.00000000e+00]]
matrix:[[0.         0.         0.         0.         0.         0.
  0.         0.         0.099      0.        ]
 [0.         0.         0.         0.         0.         0.
  0.         0.         0.10323529 0.        ]
 [0.         0.         0.         0.         0.         0.
  0.         0.         0.10247059 0.        ]
 [0.         0.         0.         0.         0.         0.
  0.         0.         0.10052941 0.        ]
 [0.         0.         0.         0.         0.         0.
  0.         0.         0.10264706 0.        ]
 [0.         0.         0.         0.         0.         0.
  0.         0.         0.09741176 0.        ]
 [0.         0.         0.         0.         0.         0.
  0.         0.         0.10223529 0.        ]
 [0.         0.         0.         0.         0.         0.
  0.         0.         0.09788235 0.        ]
 [0.         0.         0.         0.         0.         0.
  0.         0.         0.09911765 0.        ]
 [0.         0.         0.         0.         0.         0.
  0.         0.         0.09547059 0.        ]]
matrix:[[0.00000000e+00 0.00000000e+00 0.00000000e+00 1.43364028e-01
  0.00000000e+00 0.00000000e+00 0.00000000e+00 0.00000000e+00
  0.00000000e+00 0.00000000e+00]
 [0.00000000e+00 4.95066744e-01 0.00000000e+00 5.06885191e-04
  0.00000000e+00 0.00000000e+00 0.00000000e+00 0.00000000e+00
  0.00000000e+00 0.00000000e+00]
 [0.00000000e+00 5.04933256e-01 0.00000000e+00 1.68961730e-04
  0.00000000e+00 0.00000000e+00 0.00000000e+00 0.00000000e+00
  0.00000000e+00 0.00000000e+00]
 [0.00000000e+00 0.00000000e+00 0.00000000e+00 1.43279547e-01
  0.00000000e+00 0.00000000e+00 0.00000000e+00 0.00000000e+00
  0.00000000e+00 0.00000000e+00]
 [0.00000000e+00 0.00000000e+00 0.00000000e+00 1.39900313e-01
  0.00000000e+00 0.00000000e+00 0.00000000e+00 0.00000000e+00
  0.00000000e+00 0.00000000e+00]
 [0.00000000e+00 0.00000000e+00 0.00000000e+00 3.37923460e-04
  0.00000000e+00 1.00000000e+00 0.00000000e+00 0.00000000e+00
  0.00000000e+00 0.00000000e+00]
 [0.00000000e+00 0.00000000e+00 0.00000000e+00 1.46827744e-01
  0.00000000e+00 0.00000000e+00 0.00000000e+00 0.00000000e+00
  0.00000000e+00 0.00000000e+00]
 [0.00000000e+00 0.00000000e+00 0.00000000e+00 1.39393427e-01
  0.00000000e+00 0.00000000e+00 0.00000000e+00 0.00000000e+00
  0.00000000e+00 0.00000000e+00]
 [0.00000000e+00 0.00000000e+00 0.00000000e+00 1.41167526e-01
  0.00000000e+00 0.00000000e+00 0.00000000e+00 0.00000000e+00
  0.00000000e+00 0.00000000e+00]
 [0.00000000e+00 0.00000000e+00 0.00000000e+00 1.45053645e-01
  0.00000000e+00 0.00000000e+00 0.00000000e+00 0.00000000e+00
  0.00000000e+00 0.00000000e+00]]
