matrix:[[1.00000000e+00 5.89275192e-04 0.00000000e+00 0.00000000e+00
  0.00000000e+00 1.12485939e-03 0.00000000e+00 0.00000000e+00
  6.15763547e-04 1.71821306e-03]
 [0.00000000e+00 9.97642899e-01 0.00000000e+00 0.00000000e+00
  1.14547537e-03 1.12485939e-03 0.00000000e+00 0.00000000e+00
  0.00000000e+00 0.00000000e+00]
 [0.00000000e+00 5.89275192e-04 1.00000000e+00 0.00000000e+00
  0.00000000e+00 5.62429696e-04 0.00000000e+00 0.00000000e+00
  0.00000000e+00 5.72737686e-04]
 [0.00000000e+00 0.00000000e+00 0.00000000e+00 1.00000000e+00
  2.29095074e-03 1.12485939e-03 0.00000000e+00 0.00000000e+00
  1.23152709e-03 1.14547537e-03]
 [0.00000000e+00 0.00000000e+00 0.00000000e+00 0.00000000e+00
  9.90836197e-01 1.68728909e-03 0.00000000e+00 0.00000000e+00
  0.00000000e+00 0.00000000e+00]
 [0.00000000e+00 5.89275192e-04 0.00000000e+00 0.00000000e+00
  5.72737686e-04 9.90438695e-01 0.00000000e+00 0.00000000e+00
  6.15763547e-04 1.71821306e-03]
 [0.00000000e+00 0.00000000e+00 0.00000000e+00 0.00000000e+00
  2.29095074e-03 1.12485939e-03 0.00000000e+00 4.99414862e-01
  0.00000000e+00 0.00000000e+00]
 [0.00000000e+00 5.89275192e-04 0.00000000e+00 0.00000000e+00
  1.71821306e-03 5.62429696e-04 0.00000000e+00 5.00585138e-01
  0.00000000e+00 0.00000000e+00]
 [0.00000000e+00 0.00000000e+00 0.00000000e+00 0.00000000e+00
  5.72737686e-04 1.12485939e-03 0.00000000e+00 0.00000000e+00
  9.96305419e-01 5.72737686e-04]
 [0.00000000e+00 0.00000000e+00 0.00000000e+00 0.00000000e+00
  5.72737686e-04 1.12485939e-03 0.00000000e+00 0.00000000e+00
  1.23152709e-03 9.94272623e-01]]
matrix:[[1.00000000e+00 0.00000000e+00 0.00000000e+00 0.00000000e+00
  0.00000000e+00 0.00000000e+00 4.10316530e-03 0.00000000e+00
  0.00000000e+00 0.00000000e+00]
 [0.00000000e+00 1.00000000e+00 0.00000000e+00 5.98802395e-04
  0.00000000e+00 0.00000000e+00 5.86166471e-04 0.00000000e+00
  0.00000000e+00 0.00000000e+00]
 [0.00000000e+00 0.00000000e+00 1.00000000e+00 0.00000000e+00
  0.00000000e+00 0.00000000e+00 5.86166471e-03 0.00000000e+00
  0.00000000e+00 3.48837209e-03]
 [0.00000000e+00 0.00000000e+00 0.00000000e+00 9.99401198e-01
  0.00000000e+00 0.00000000e+00 4.68933177e-03 0.00000000e+00
  0.00000000e+00 0.00000000e+00]
 [0.00000000e+00 0.00000000e+00 0.00000000e+00 0.00000000e+00
  1.00000000e+00 0.00000000e+00 3.51699883e-03 0.00000000e+00
  0.00000000e+00 0.00000000e+00]
 [0.00000000e+00 0.00000000e+00 0.00000000e+00 0.00000000e+00
  0.00000000e+00 1.00000000e+00 3.51699883e-03 0.00000000e+00
  0.00000000e+00 0.00000000e+00]
 [0.00000000e+00 0.00000000e+00 0.00000000e+00 0.00000000e+00
  0.00000000e+00 0.00000000e+00 9.65416178e-01 1.20481928e-03
  0.00000000e+00 0.00000000e+00]
 [0.00000000e+00 0.00000000e+00 0.00000000e+00 0.00000000e+00
  0.00000000e+00 0.00000000e+00 2.93083236e-03 9.98795181e-01
  0.00000000e+00 0.00000000e+00]
 [0.00000000e+00 0.00000000e+00 0.00000000e+00 0.00000000e+00
  0.00000000e+00 0.00000000e+00 6.44783118e-03 0.00000000e+00
  1.00000000e+00 0.00000000e+00]
 [0.00000000e+00 0.00000000e+00 0.00000000e+00 0.00000000e+00
  0.00000000e+00 0.00000000e+00 2.93083236e-03 0.00000000e+00
  0.00000000e+00 9.96511628e-01]]
matrix:[[0.00000000e+00 0.00000000e+00 0.00000000e+00 0.00000000e+00
  0.00000000e+00 1.20551765e-01 0.00000000e+00 0.00000000e+00
  0.00000000e+00 0.00000000e+00]
 [0.00000000e+00 0.00000000e+00 0.00000000e+00 0.00000000e+00
  0.00000000e+00 1.24367158e-01 0.00000000e+00 0.00000000e+00
  0.00000000e+00 0.00000000e+00]
 [0.00000000e+00 0.00000000e+00 0.00000000e+00 0.00000000e+00
  0.00000000e+00 1.27742314e-01 0.00000000e+00 0.00000000e+00
  0.00000000e+00 0.00000000e+00]
 [0.00000000e+00 0.00000000e+00 0.00000000e+00 0.00000000e+00
  0.00000000e+00 1.25247634e-01 0.00000000e+00 0.00000000e+00
  0.00000000e+00 0.00000000e+00]
 [0.00000000e+00 0.00000000e+00 0.00000000e+00 0.00000000e+00
  0.00000000e+00 1.22973072e-01 0.00000000e+00 0.00000000e+00
  0.00000000e+00 0.00000000e+00]
 [0.00000000e+00 0.00000000e+00 0.00000000e+00 0.00000000e+00
  0.00000000e+00 1.25100888e-01 0.00000000e+00 0.00000000e+00
  0.00000000e+00 0.00000000e+00]
 [0.00000000e+00 0.00000000e+00 0.00000000e+00 0.00000000e+00
  0.00000000e+00 5.13610683e-04 5.09641056e-01 0.00000000e+00
  0.00000000e+00 0.00000000e+00]
 [0.00000000e+00 0.00000000e+00 0.00000000e+00 0.00000000e+00
  0.00000000e+00 2.20118864e-04 4.90358944e-01 0.00000000e+00
  0.00000000e+00 0.00000000e+00]
 [0.00000000e+00 0.00000000e+00 0.00000000e+00 0.00000000e+00
  0.00000000e+00 1.25247634e-01 0.00000000e+00 0.00000000e+00
  0.00000000e+00 0.00000000e+00]
 [0.00000000e+00 0.00000000e+00 0.00000000e+00 0.00000000e+00
  0.00000000e+00 1.28035806e-01 0.00000000e+00 0.00000000e+00
  0.00000000e+00 0.00000000e+00]]
