matrix:[[0.00000000e+00 0.00000000e+00 0.00000000e+00 0.00000000e+00
  0.00000000e+00 0.00000000e+00 0.00000000e+00 1.71236873e-01
  0.00000000e+00 0.00000000e+00]
 [0.00000000e+00 0.00000000e+00 0.00000000e+00 0.00000000e+00
  0.00000000e+00 2.49255509e-01 0.00000000e+00 2.91715286e-04
  0.00000000e+00 0.00000000e+00]
 [0.00000000e+00 0.00000000e+00 0.00000000e+00 0.00000000e+00
  0.00000000e+00 2.43299583e-01 0.00000000e+00 4.86192143e-04
  0.00000000e+00 0.00000000e+00]
 [0.00000000e+00 0.00000000e+00 0.00000000e+00 0.00000000e+00
  0.00000000e+00 0.00000000e+00 0.00000000e+00 1.66277713e-01
  0.00000000e+00 0.00000000e+00]
 [0.00000000e+00 0.00000000e+00 0.00000000e+00 0.00000000e+00
  0.00000000e+00 0.00000000e+00 0.00000000e+00 1.62096461e-01
  0.00000000e+00 0.00000000e+00]
 [0.00000000e+00 0.00000000e+00 0.00000000e+00 0.00000000e+00
  0.00000000e+00 2.53126861e-01 0.00000000e+00 1.94476857e-04
  0.00000000e+00 0.00000000e+00]
 [0.00000000e+00 0.00000000e+00 0.00000000e+00 0.00000000e+00
  0.00000000e+00 2.54318046e-01 0.00000000e+00 5.83430572e-04
  0.00000000e+00 0.00000000e+00]
 [0.00000000e+00 0.00000000e+00 0.00000000e+00 0.00000000e+00
  0.00000000e+00 0.00000000e+00 0.00000000e+00 1.65110852e-01
  0.00000000e+00 0.00000000e+00]
 [0.00000000e+00 0.00000000e+00 0.00000000e+00 0.00000000e+00
  0.00000000e+00 0.00000000e+00 0.00000000e+00 1.67152859e-01
  0.00000000e+00 0.00000000e+00]
 [0.00000000e+00 0.00000000e+00 0.00000000e+00 0.00000000e+00
  0.00000000e+00 0.00000000e+00 0.00000000e+00 1.66569428e-01
  0.00000000e+00 0.00000000e+00]]
matrix:[[0.00000000e+00 0.00000000e+00 0.00000000e+00 1.75131349e-03
  2.50036748e-01 0.00000000e+00 0.00000000e+00 0.00000000e+00
  0.00000000e+00 0.00000000e+00]
 [0.00000000e+00 1.00000000e+00 0.00000000e+00 1.16754232e-03
  0.00000000e+00 0.00000000e+00 6.00240096e-04 0.00000000e+00
  0.00000000e+00 0.00000000e+00]
 [0.00000000e+00 0.00000000e+00 1.00000000e+00 5.83771162e-04
  0.00000000e+00 0.00000000e+00 0.00000000e+00 0.00000000e+00
  0.00000000e+00 0.00000000e+00]
 [0.00000000e+00 0.00000000e+00 0.00000000e+00 9.76065382e-01
  0.00000000e+00 0.00000000e+00 0.00000000e+00 0.00000000e+00
  0.00000000e+00 0.00000000e+00]
 [0.00000000e+00 0.00000000e+00 0.00000000e+00 5.83771162e-03
  2.48419815e-01 0.00000000e+00 0.00000000e+00 0.00000000e+00
  0.00000000e+00 0.00000000e+00]
 [0.00000000e+00 0.00000000e+00 0.00000000e+00 2.91885581e-03
  0.00000000e+00 1.00000000e+00 0.00000000e+00 0.00000000e+00
  0.00000000e+00 0.00000000e+00]
 [0.00000000e+00 0.00000000e+00 0.00000000e+00 1.75131349e-03
  0.00000000e+00 0.00000000e+00 9.99399760e-01 0.00000000e+00
  0.00000000e+00 0.00000000e+00]
 [0.00000000e+00 0.00000000e+00 0.00000000e+00 4.08639813e-03
  0.00000000e+00 0.00000000e+00 0.00000000e+00 1.00000000e+00
  0.00000000e+00 0.00000000e+00]
 [0.00000000e+00 0.00000000e+00 0.00000000e+00 4.08639813e-03
  2.53270616e-01 0.00000000e+00 0.00000000e+00 0.00000000e+00
  0.00000000e+00 0.00000000e+00]
 [0.00000000e+00 0.00000000e+00 0.00000000e+00 1.75131349e-03
  2.48272821e-01 0.00000000e+00 0.00000000e+00 0.00000000e+00
  0.00000000e+00 0.00000000e+00]]
matrix:[[9.99414177e-01 1.76886792e-03 0.00000000e+00 0.00000000e+00
  0.00000000e+00 0.00000000e+00 0.00000000e+00 0.00000000e+00
  0.00000000e+00 4.44444444e-01]
 [0.00000000e+00 9.82311321e-01 0.00000000e+00 0.00000000e+00
  0.00000000e+00 0.00000000e+00 0.00000000e+00 0.00000000e+00
  0.00000000e+00 0.00000000e+00]
 [0.00000000e+00 1.76886792e-03 1.00000000e+00 0.00000000e+00
  0.00000000e+00 0.00000000e+00 0.00000000e+00 0.00000000e+00
  0.00000000e+00 0.00000000e+00]
 [0.00000000e+00 1.76886792e-03 0.00000000e+00 1.00000000e+00
  0.00000000e+00 0.00000000e+00 0.00000000e+00 0.00000000e+00
  0.00000000e+00 2.22222222e-01]
 [0.00000000e+00 1.17924528e-03 0.00000000e+00 0.00000000e+00
  5.02915452e-01 0.00000000e+00 0.00000000e+00 4.10798122e-03
  0.00000000e+00 0.00000000e+00]
 [0.00000000e+00 1.76886792e-03 0.00000000e+00 0.00000000e+00
  0.00000000e+00 1.00000000e+00 0.00000000e+00 0.00000000e+00
  0.00000000e+00 0.00000000e+00]
 [5.85823081e-04 1.17924528e-03 0.00000000e+00 0.00000000e+00
  0.00000000e+00 0.00000000e+00 1.00000000e+00 0.00000000e+00
  0.00000000e+00 0.00000000e+00]
 [0.00000000e+00 2.94811321e-03 0.00000000e+00 0.00000000e+00
  0.00000000e+00 0.00000000e+00 0.00000000e+00 9.95305164e-01
  0.00000000e+00 0.00000000e+00]
 [0.00000000e+00 3.53773585e-03 0.00000000e+00 0.00000000e+00
  0.00000000e+00 0.00000000e+00 0.00000000e+00 0.00000000e+00
  9.98839907e-01 1.11111111e-01]
 [0.00000000e+00 1.76886792e-03 0.00000000e+00 0.00000000e+00
  4.97084548e-01 0.00000000e+00 0.00000000e+00 5.86854460e-04
  1.16009281e-03 2.22222222e-01]]
matrix:[[1.         0.00461894 0.         0.         0.         0.
  0.         0.         0.         0.        ]
 [0.         0.97228637 0.         0.         0.         0.
  0.         0.         0.         0.        ]
 [0.         0.00115473 1.         0.         0.         0.
  0.         0.         0.         0.        ]
 [0.         0.00461894 0.         1.         0.         0.
  0.         0.         0.         0.        ]
 [0.         0.00288684 0.         0.         0.         0.
  0.         0.         0.0035545  0.49494048]
 [0.         0.00404157 0.         0.         0.         1.
  0.         0.         0.         0.        ]
 [0.         0.00115473 0.         0.         0.         0.
  1.         0.         0.         0.        ]
 [0.         0.00288684 0.         0.         0.         0.
  0.         1.         0.         0.        ]
 [0.         0.00404157 0.         0.         0.         0.
  0.         0.         0.99407583 0.        ]
 [0.         0.00230947 0.         0.         0.         0.
  0.         0.         0.00236967 0.50505952]]
matrix:[[9.95810892e-01 0.00000000e+00 0.00000000e+00 0.00000000e+00
  0.00000000e+00 3.47423277e-03 0.00000000e+00 0.00000000e+00
  0.00000000e+00 1.21951220e-03]
 [0.00000000e+00 1.00000000e+00 0.00000000e+00 0.00000000e+00
  0.00000000e+00 2.31615518e-03 0.00000000e+00 0.00000000e+00
  0.00000000e+00 0.00000000e+00]
 [0.00000000e+00 0.00000000e+00 1.00000000e+00 0.00000000e+00
  0.00000000e+00 2.31615518e-03 0.00000000e+00 0.00000000e+00
  0.00000000e+00 0.00000000e+00]
 [5.98444045e-04 0.00000000e+00 0.00000000e+00 1.00000000e+00
  0.00000000e+00 1.73711639e-03 0.00000000e+00 0.00000000e+00
  0.00000000e+00 1.82926829e-03]
 [0.00000000e+00 0.00000000e+00 0.00000000e+00 0.00000000e+00
  1.00000000e+00 3.47423277e-03 0.00000000e+00 0.00000000e+00
  1.72018349e-03 0.00000000e+00]
 [0.00000000e+00 0.00000000e+00 0.00000000e+00 0.00000000e+00
  0.00000000e+00 9.76259409e-01 0.00000000e+00 0.00000000e+00
  0.00000000e+00 0.00000000e+00]
 [0.00000000e+00 0.00000000e+00 0.00000000e+00 0.00000000e+00
  0.00000000e+00 5.79038796e-04 1.00000000e+00 0.00000000e+00
  0.00000000e+00 0.00000000e+00]
 [0.00000000e+00 0.00000000e+00 0.00000000e+00 0.00000000e+00
  0.00000000e+00 2.31615518e-03 0.00000000e+00 1.00000000e+00
  0.00000000e+00 1.82926829e-03]
 [5.98444045e-04 0.00000000e+00 0.00000000e+00 0.00000000e+00
  0.00000000e+00 3.47423277e-03 0.00000000e+00 0.00000000e+00
  9.98279817e-01 6.09756098e-04]
 [2.99222023e-03 0.00000000e+00 0.00000000e+00 0.00000000e+00
  0.00000000e+00 4.05327157e-03 0.00000000e+00 0.00000000e+00
  0.00000000e+00 9.94512195e-01]]
matrix:[[9.75512528e-01 0.00000000e+00 0.00000000e+00 0.00000000e+00
  0.00000000e+00 0.00000000e+00 0.00000000e+00 0.00000000e+00
  0.00000000e+00 0.00000000e+00]
 [2.27790433e-03 1.00000000e+00 5.91366056e-04 0.00000000e+00
  0.00000000e+00 0.00000000e+00 0.00000000e+00 0.00000000e+00
  6.00240096e-04 5.94883998e-04]
 [1.13895216e-03 0.00000000e+00 9.99408634e-01 0.00000000e+00
  0.00000000e+00 6.00240096e-04 0.00000000e+00 0.00000000e+00
  0.00000000e+00 0.00000000e+00]
 [3.98633257e-03 0.00000000e+00 0.00000000e+00 1.00000000e+00
  0.00000000e+00 0.00000000e+00 0.00000000e+00 0.00000000e+00
  0.00000000e+00 0.00000000e+00]
 [4.55580866e-03 0.00000000e+00 0.00000000e+00 0.00000000e+00
  1.00000000e+00 0.00000000e+00 0.00000000e+00 1.17716304e-03
  0.00000000e+00 0.00000000e+00]
 [1.13895216e-03 0.00000000e+00 0.00000000e+00 0.00000000e+00
  0.00000000e+00 9.98799520e-01 0.00000000e+00 0.00000000e+00
  6.00240096e-04 0.00000000e+00]
 [2.84738041e-03 0.00000000e+00 0.00000000e+00 0.00000000e+00
  0.00000000e+00 0.00000000e+00 1.00000000e+00 0.00000000e+00
  0.00000000e+00 0.00000000e+00]
 [1.13895216e-03 0.00000000e+00 0.00000000e+00 0.00000000e+00
  0.00000000e+00 0.00000000e+00 0.00000000e+00 9.98822837e-01
  0.00000000e+00 0.00000000e+00]
 [4.55580866e-03 0.00000000e+00 0.00000000e+00 0.00000000e+00
  0.00000000e+00 6.00240096e-04 0.00000000e+00 0.00000000e+00
  9.95198079e-01 0.00000000e+00]
 [2.84738041e-03 0.00000000e+00 0.00000000e+00 0.00000000e+00
  0.00000000e+00 0.00000000e+00 0.00000000e+00 0.00000000e+00
  3.60144058e-03 9.99405116e-01]]
matrix:[[1.95459837e-01 0.00000000e+00 0.00000000e+00 0.00000000e+00
  0.00000000e+00 0.00000000e+00 0.00000000e+00 0.00000000e+00
  0.00000000e+00 0.00000000e+00]
 [2.32828871e-04 0.00000000e+00 3.34658188e-01 0.00000000e+00
  0.00000000e+00 0.00000000e+00 0.00000000e+00 0.00000000e+00
  0.00000000e+00 0.00000000e+00]
 [6.98486612e-04 0.00000000e+00 3.27702703e-01 0.00000000e+00
  0.00000000e+00 0.00000000e+00 0.00000000e+00 0.00000000e+00
  0.00000000e+00 0.00000000e+00]
 [1.96041909e-01 0.00000000e+00 0.00000000e+00 0.00000000e+00
  0.00000000e+00 0.00000000e+00 0.00000000e+00 0.00000000e+00
  0.00000000e+00 0.00000000e+00]
 [1.04772992e-03 0.00000000e+00 0.00000000e+00 0.00000000e+00
  1.00000000e+00 2.38663484e-03 0.00000000e+00 0.00000000e+00
  0.00000000e+00 0.00000000e+00]
 [4.65657742e-04 0.00000000e+00 0.00000000e+00 0.00000000e+00
  0.00000000e+00 9.97613365e-01 0.00000000e+00 0.00000000e+00
  0.00000000e+00 0.00000000e+00]
 [2.02095460e-01 0.00000000e+00 0.00000000e+00 0.00000000e+00
  0.00000000e+00 0.00000000e+00 0.00000000e+00 0.00000000e+00
  0.00000000e+00 0.00000000e+00]
 [2.03026775e-01 0.00000000e+00 0.00000000e+00 0.00000000e+00
  0.00000000e+00 0.00000000e+00 0.00000000e+00 0.00000000e+00
  0.00000000e+00 0.00000000e+00]
 [2.00000000e-01 0.00000000e+00 0.00000000e+00 0.00000000e+00
  0.00000000e+00 0.00000000e+00 0.00000000e+00 0.00000000e+00
  0.00000000e+00 0.00000000e+00]
 [9.31315483e-04 0.00000000e+00 3.37639110e-01 0.00000000e+00
  0.00000000e+00 0.00000000e+00 0.00000000e+00 0.00000000e+00
  0.00000000e+00 1.00000000e+00]]
matrix:[[1.00000000e+00 0.00000000e+00 6.06060606e-02 2.94985251e-03
  0.00000000e+00 0.00000000e+00 0.00000000e+00 5.91366056e-04
  0.00000000e+00 0.00000000e+00]
 [0.00000000e+00 0.00000000e+00 6.06060606e-02 0.00000000e+00
  0.00000000e+00 3.31180270e-01 0.00000000e+00 0.00000000e+00
  0.00000000e+00 0.00000000e+00]
 [0.00000000e+00 0.00000000e+00 1.51515152e-01 0.00000000e+00
  0.00000000e+00 3.32746134e-01 0.00000000e+00 0.00000000e+00
  0.00000000e+00 0.00000000e+00]
 [0.00000000e+00 0.00000000e+00 9.09090909e-02 9.89380531e-01
  0.00000000e+00 0.00000000e+00 0.00000000e+00 0.00000000e+00
  0.00000000e+00 0.00000000e+00]
 [0.00000000e+00 0.00000000e+00 6.06060606e-02 2.35988201e-03
  4.95299647e-01 0.00000000e+00 0.00000000e+00 1.77409817e-03
  0.00000000e+00 0.00000000e+00]
 [0.00000000e+00 0.00000000e+00 1.81818182e-01 0.00000000e+00
  0.00000000e+00 3.36073596e-01 0.00000000e+00 0.00000000e+00
  0.00000000e+00 0.00000000e+00]
 [0.00000000e+00 0.00000000e+00 6.06060606e-02 0.00000000e+00
  0.00000000e+00 0.00000000e+00 1.00000000e+00 0.00000000e+00
  0.00000000e+00 0.00000000e+00]
 [0.00000000e+00 0.00000000e+00 6.06060606e-02 5.89970501e-04
  0.00000000e+00 0.00000000e+00 0.00000000e+00 9.95269072e-01
  0.00000000e+00 0.00000000e+00]
 [0.00000000e+00 0.00000000e+00 9.09090909e-02 3.53982301e-03
  0.00000000e+00 0.00000000e+00 0.00000000e+00 0.00000000e+00
  1.00000000e+00 0.00000000e+00]
 [0.00000000e+00 0.00000000e+00 1.81818182e-01 1.17994100e-03
  5.04700353e-01 0.00000000e+00 0.00000000e+00 2.36546422e-03
  0.00000000e+00 0.00000000e+00]]
matrix:[[0.99881094 0.00404624 0.         0.         0.         0.
  0.         0.         0.         0.        ]
 [0.         0.97109827 0.         0.         0.         0.
  0.         0.         0.         0.        ]
 [0.         0.00289017 1.         0.         0.         0.
  0.         0.         0.         0.        ]
 [0.         0.00289017 0.         0.         0.         0.
  0.         0.         0.5058053  0.        ]
 [0.         0.00462428 0.         0.         1.         0.
  0.         0.         0.00148854 0.        ]
 [0.         0.00231214 0.         0.         0.         1.
  0.         0.         0.         0.        ]
 [0.         0.00231214 0.         0.         0.         0.
  1.         0.         0.         0.        ]
 [0.         0.00346821 0.         0.         0.         0.
  0.         1.         0.         0.        ]
 [0.         0.00404624 0.         0.         0.         0.
  0.         0.         0.49270616 0.        ]
 [0.00118906 0.00231214 0.         0.         0.         0.
  0.         0.         0.         1.        ]]
matrix:[[0.         0.         0.         0.         0.         0.13901948
  0.         0.         0.         0.        ]
 [0.         0.         0.         0.         0.         0.14388852
  0.         0.         0.         0.        ]
 [0.         0.         0.         0.         0.         0.141454
  0.         0.         0.         0.        ]
 [0.         0.         0.         0.         0.         0.14548355
  0.         0.         0.         0.        ]
 [0.         0.         0.         0.         0.33588836 0.00125923
  0.         0.         0.         0.        ]
 [0.         0.         0.         0.         0.         0.13977502
  0.         0.         0.         0.        ]
 [0.         0.         0.         0.         0.         0.14363667
  0.         0.         0.         0.        ]
 [0.         0.         0.         0.         0.34257075 0.00100739
  0.         0.         0.         0.        ]
 [0.         0.         0.         0.         0.         0.14321692
  0.         0.         0.         0.        ]
 [0.         0.         0.         0.         0.32154088 0.00125923
  0.         0.         0.         0.        ]]
