matrix:[[9.98232174e-01 0.00000000e+00 0.00000000e+00 1.18553646e-03
  0.00000000e+00 0.00000000e+00 0.00000000e+00 1.17027501e-03
  0.00000000e+00 0.00000000e+00]
 [0.00000000e+00 1.00000000e+00 0.00000000e+00 1.77830468e-03
  0.00000000e+00 0.00000000e+00 0.00000000e+00 1.75541252e-03
  0.00000000e+00 0.00000000e+00]
 [5.89275192e-04 0.00000000e+00 1.00000000e+00 1.18553646e-03
  0.00000000e+00 0.00000000e+00 0.00000000e+00 1.17027501e-03
  0.00000000e+00 1.86104218e-03]
 [5.89275192e-04 0.00000000e+00 0.00000000e+00 9.90515708e-01
  0.00000000e+00 0.00000000e+00 0.00000000e+00 2.34055003e-03
  0.00000000e+00 0.00000000e+00]
 [0.00000000e+00 0.00000000e+00 0.00000000e+00 1.77830468e-03
  0.00000000e+00 3.37356322e-01 0.00000000e+00 2.92568754e-03
  0.00000000e+00 0.00000000e+00]
 [0.00000000e+00 0.00000000e+00 0.00000000e+00 1.18553646e-03
  0.00000000e+00 3.27586207e-01 0.00000000e+00 1.75541252e-03
  0.00000000e+00 0.00000000e+00]
 [0.00000000e+00 0.00000000e+00 0.00000000e+00 0.00000000e+00
  0.00000000e+00 0.00000000e+00 1.00000000e+00 2.92568754e-03
  0.00000000e+00 0.00000000e+00]
 [0.00000000e+00 0.00000000e+00 0.00000000e+00 0.00000000e+00
  0.00000000e+00 0.00000000e+00 0.00000000e+00 9.80105325e-01
  0.00000000e+00 0.00000000e+00]
 [0.00000000e+00 0.00000000e+00 0.00000000e+00 1.77830468e-03
  0.00000000e+00 3.35057471e-01 0.00000000e+00 4.09596255e-03
  0.00000000e+00 0.00000000e+00]
 [5.89275192e-04 0.00000000e+00 0.00000000e+00 5.92768228e-04
  0.00000000e+00 0.00000000e+00 0.00000000e+00 1.75541252e-03
  0.00000000e+00 9.98138958e-01]]
matrix:[[1.00000000e+00 0.00000000e+00 2.29226361e-03 0.00000000e+00
  0.00000000e+00 0.00000000e+00 0.00000000e+00 1.78465199e-03
  0.00000000e+00 0.00000000e+00]
 [0.00000000e+00 1.00000000e+00 2.29226361e-03 0.00000000e+00
  0.00000000e+00 0.00000000e+00 0.00000000e+00 1.18976800e-03
  0.00000000e+00 0.00000000e+00]
 [0.00000000e+00 0.00000000e+00 9.83954155e-01 5.88928151e-04
  0.00000000e+00 2.22222222e-02 0.00000000e+00 1.78465199e-03
  5.91103887e-04 0.00000000e+00]
 [0.00000000e+00 0.00000000e+00 1.14613181e-03 9.97644287e-01
  0.00000000e+00 0.00000000e+00 0.00000000e+00 2.37953599e-03
  0.00000000e+00 0.00000000e+00]
 [0.00000000e+00 0.00000000e+00 2.86532951e-03 0.00000000e+00
  0.00000000e+00 2.44444444e-01 0.00000000e+00 1.18976800e-03
  2.47968080e-01 0.00000000e+00]
 [0.00000000e+00 0.00000000e+00 3.43839542e-03 0.00000000e+00
  0.00000000e+00 1.77777778e-01 0.00000000e+00 5.94883998e-04
  2.51810256e-01 0.00000000e+00]
 [0.00000000e+00 0.00000000e+00 0.00000000e+00 0.00000000e+00
  0.00000000e+00 0.00000000e+00 1.00000000e+00 2.37953599e-03
  0.00000000e+00 0.00000000e+00]
 [0.00000000e+00 0.00000000e+00 0.00000000e+00 5.88928151e-04
  0.00000000e+00 0.00000000e+00 0.00000000e+00 9.85722784e-01
  0.00000000e+00 0.00000000e+00]
 [0.00000000e+00 0.00000000e+00 1.14613181e-03 5.88928151e-04
  0.00000000e+00 2.66666667e-01 0.00000000e+00 2.37953599e-03
  2.51219152e-01 0.00000000e+00]
 [0.00000000e+00 0.00000000e+00 2.86532951e-03 5.88928151e-04
  0.00000000e+00 2.88888889e-01 0.00000000e+00 5.94883998e-04
  2.48411408e-01 0.00000000e+00]]
matrix:[[0.996997   0.         0.00176678 0.         0.         0.
  0.00169875 0.         0.         0.        ]
 [0.         1.         0.00235571 0.         0.         0.
  0.0011325  0.         0.         0.        ]
 [0.         0.         0.98586572 0.         0.00305437 0.
  0.00169875 0.         0.         0.        ]
 [0.         0.         0.00353357 1.         0.         0.
  0.         0.         0.         0.        ]
 [0.003003   0.         0.         0.         0.99694563 0.
  0.0011325  0.         0.         0.        ]
 [0.         0.         0.00353357 0.         0.         1.
  0.00283126 0.         0.         0.        ]
 [0.         0.         0.         0.         0.         0.
  0.98357871 0.         0.         0.        ]
 [0.         0.         0.         0.         0.         0.
  0.00339751 1.         0.         0.        ]
 [0.         0.         0.00176678 0.         0.         0.
  0.0011325  0.         0.         0.50776443]
 [0.         0.         0.00117786 0.         0.         0.
  0.00339751 0.         0.         0.49223557]]
