matrix:[[9.57746479e-01 0.00000000e+00 0.00000000e+00 ... 0.00000000e+00
  0.00000000e+00 0.00000000e+00]
 [0.00000000e+00 9.92622020e-01 0.00000000e+00 ... 0.00000000e+00
  0.00000000e+00 0.00000000e+00]
 [0.00000000e+00 0.00000000e+00 7.66265060e-01 ... 0.00000000e+00
  0.00000000e+00 0.00000000e+00]
 ...
 [0.00000000e+00 5.67536890e-04 0.00000000e+00 ... 4.92125984e-01
  0.00000000e+00 0.00000000e+00]
 [0.00000000e+00 0.00000000e+00 0.00000000e+00 ... 0.00000000e+00
  9.86167147e-01 0.00000000e+00]
 [0.00000000e+00 0.00000000e+00 0.00000000e+00 ... 0.00000000e+00
  0.00000000e+00 0.00000000e+00]]
matrix:[[0.         0.         0.         ... 0.         0.         0.        ]
 [0.         0.3322141  0.         ... 0.         0.         0.        ]
 [0.         0.         0.43156357 ... 0.         0.         0.        ]
 ...
 [0.         0.         0.         ... 0.         0.         0.        ]
 [0.         0.         0.         ... 0.         0.         0.        ]
 [0.         0.         0.         ... 0.         0.         0.        ]]
