matrix:[[0.         0.         0.         0.         0.         0.09994118
  0.         0.         0.         0.        ]
 [0.         0.         0.         0.         0.         0.09741176
  0.         0.         0.         0.        ]
 [0.         0.         0.         0.         0.         0.10123529
  0.         0.         0.         0.        ]
 [0.         0.         0.         0.         0.         0.09817647
  0.         0.         0.         0.        ]
 [0.         0.         0.         0.         0.         0.09758824
  0.         0.         0.         0.        ]
 [0.         0.         0.         0.         0.         0.10247059
  0.         0.         0.         0.        ]
 [0.         0.         0.         0.         0.         0.10205882
  0.         0.         0.         0.        ]
 [0.         0.         0.         0.         0.         0.09982353
  0.         0.         0.         0.        ]
 [0.         0.         0.         0.         0.         0.10035294
  0.         0.         0.         0.        ]
 [0.         0.         0.         0.         0.         0.10094118
  0.         0.         0.         0.        ]]
matrix:[[0.         0.         0.         0.         0.         0.
  0.         0.         0.10017647 0.        ]
 [0.         0.         0.         0.         0.         0.
  0.         0.         0.10147059 0.        ]
 [0.         0.         0.         0.         0.         0.
  0.         0.         0.10105882 0.        ]
 [0.         0.         0.         0.         0.         0.
  0.         0.         0.09782353 0.        ]
 [0.         0.         0.         0.         0.         0.
  0.         0.         0.09794118 0.        ]
 [0.         0.         0.         0.         0.         0.
  0.         0.         0.10088235 0.        ]
 [0.         0.         0.         0.         0.         0.
  0.         0.         0.09935294 0.        ]
 [0.         0.         0.         0.         0.         0.
  0.         0.         0.09988235 0.        ]
 [0.         0.         0.         0.         0.         0.
  0.         0.         0.09994118 0.        ]
 [0.         0.         0.         0.         0.         0.
  0.         0.         0.10147059 0.        ]]
matrix:[[0.         0.         0.         0.         0.         0.
  0.         0.         0.         0.09729412]
 [0.         0.         0.         0.         0.         0.
  0.         0.         0.         0.10276471]
 [0.         0.         0.         0.         0.         0.
  0.         0.         0.         0.09941176]
 [0.         0.         0.         0.         0.         0.
  0.         0.         0.         0.10182353]
 [0.         0.         0.         0.         0.         0.
  0.         0.         0.         0.10117647]
 [0.         0.         0.         0.         0.         0.
  0.         0.         0.         0.10011765]
 [0.         0.         0.         0.         0.         0.
  0.         0.         0.         0.10223529]
 [0.         0.         0.         0.         0.         0.
  0.         0.         0.         0.09964706]
 [0.         0.         0.         0.         0.         0.
  0.         0.         0.         0.09723529]
 [0.         0.         0.         0.         0.         0.
  0.         0.         0.         0.09829412]]
matrix:[[0.         0.         0.         0.         0.         0.
  0.         0.         0.09976471 0.        ]
 [0.         0.         0.         0.         0.         0.
  0.         0.         0.10035294 0.        ]
 [0.         0.         0.         0.         0.         0.
  0.         0.         0.10123529 0.        ]
 [0.         0.         0.         0.         0.         0.
  0.         0.         0.09829412 0.        ]
 [0.         0.         0.         0.         0.         0.
  0.         0.         0.10170588 0.        ]
 [0.         0.         0.         0.         0.         0.
  0.         0.         0.102      0.        ]
 [0.         0.         0.         0.         0.         0.
  0.         0.         0.099      0.        ]
 [0.         0.         0.         0.         0.         0.
  0.         0.         0.09835294 0.        ]
 [0.         0.         0.         0.         0.         0.
  0.         0.         0.10176471 0.        ]
 [0.         0.         0.         0.         0.         0.
  0.         0.         0.09752941 0.        ]]
matrix:[[0.10102971 0.         0.         0.         0.         0.
  0.2        0.         0.         0.        ]
 [0.09991174 0.         0.         0.         0.         0.
  0.2        0.         0.         0.        ]
 [0.10191233 0.         0.         0.         0.         0.
  0.2        0.         0.         0.        ]
 [0.09814651 0.         0.         0.         0.         0.
  0.2        0.         0.         0.        ]
 [0.10208885 0.         0.         0.         0.         0.
  0.2        0.         0.         0.        ]
 [0.09932333 0.         0.         0.         0.         0.
  0.         0.         0.         0.        ]
 [0.09591056 0.         0.         0.         0.         0.
  0.         0.         0.         0.        ]
 [0.1017358  0.         0.         0.         0.         0.
  0.         0.         0.         0.        ]
 [0.09832304 0.         0.         0.         0.         0.
  0.         0.         0.         0.        ]
 [0.10161812 0.         0.         0.         0.         0.
  0.         0.         0.         0.        ]]
matrix:[[0.         0.         0.         0.         0.09641176 0.
  0.         0.         0.         0.        ]
 [0.         0.         0.         0.         0.10211765 0.
  0.         0.         0.         0.        ]
 [0.         0.         0.         0.         0.10005882 0.
  0.         0.         0.         0.        ]
 [0.         0.         0.         0.         0.09488235 0.
  0.         0.         0.         0.        ]
 [0.         0.         0.         0.         0.09964706 0.
  0.         0.         0.         0.        ]
 [0.         0.         0.         0.         0.10329412 0.
  0.         0.         0.         0.        ]
 [0.         0.         0.         0.         0.10294118 0.
  0.         0.         0.         0.        ]
 [0.         0.         0.         0.         0.10229412 0.
  0.         0.         0.         0.        ]
 [0.         0.         0.         0.         0.10011765 0.
  0.         0.         0.         0.        ]
 [0.         0.         0.         0.         0.09823529 0.
  0.         0.         0.         0.        ]]
matrix:[[0.         0.         0.         0.10052941 0.         0.
  0.         0.         0.         0.        ]
 [0.         0.         0.         0.10052941 0.         0.
  0.         0.         0.         0.        ]
 [0.         0.         0.         0.102      0.         0.
  0.         0.         0.         0.        ]
 [0.         0.         0.         0.10052941 0.         0.
  0.         0.         0.         0.        ]
 [0.         0.         0.         0.09858824 0.         0.
  0.         0.         0.         0.        ]
 [0.         0.         0.         0.09747059 0.         0.
  0.         0.         0.         0.        ]
 [0.         0.         0.         0.10311765 0.         0.
  0.         0.         0.         0.        ]
 [0.         0.         0.         0.09747059 0.         0.
  0.         0.         0.         0.        ]
 [0.         0.         0.         0.10070588 0.         0.
  0.         0.         0.         0.        ]
 [0.         0.         0.         0.09905882 0.         0.
  0.         0.         0.         0.        ]]
matrix:[[0.         0.         0.         0.         0.         0.
  0.09817647 0.         0.         0.        ]
 [0.         0.         0.         0.         0.         0.
  0.10258824 0.         0.         0.        ]
 [0.         0.         0.         0.         0.         0.
  0.09852941 0.         0.         0.        ]
 [0.         0.         0.         0.         0.         0.
  0.09570588 0.         0.         0.        ]
 [0.         0.         0.         0.         0.         0.
  0.10164706 0.         0.         0.        ]
 [0.         0.         0.         0.         0.         0.
  0.10158824 0.         0.         0.        ]
 [0.         0.         0.         0.         0.         0.
  0.10135294 0.         0.         0.        ]
 [0.         0.         0.         0.         0.         0.
  0.09835294 0.         0.         0.        ]
 [0.         0.         0.         0.         0.         0.
  0.1        0.         0.         0.        ]
 [0.         0.         0.         0.         0.         0.
  0.10205882 0.         0.         0.        ]]
matrix:[[0.         0.         0.         0.         0.         0.
  0.         0.         0.09823529 0.        ]
 [0.         0.         0.         0.         0.         0.
  0.         0.         0.09958824 0.        ]
 [0.         0.         0.         0.         0.         0.
  0.         0.         0.1        0.        ]
 [0.         0.         0.         0.         0.         0.
  0.         0.         0.10452941 0.        ]
 [0.         0.         0.         0.         0.         0.
  0.         0.         0.09835294 0.        ]
 [0.         0.         0.         0.         0.         0.
  0.         0.         0.10082353 0.        ]
 [0.         0.         0.         0.         0.         0.
  0.         0.         0.09829412 0.        ]
 [0.         0.         0.         0.         0.         0.
  0.         0.         0.10082353 0.        ]
 [0.         0.         0.         0.         0.         0.
  0.         0.         0.09970588 0.        ]
 [0.         0.         0.         0.         0.         0.
  0.         0.         0.09964706 0.        ]]
matrix:[[0.         0.09805882 0.         0.         0.         0.
  0.         0.         0.         0.        ]
 [0.         0.10105882 0.         0.         0.         0.
  0.         0.         0.         0.        ]
 [0.         0.10129412 0.         0.         0.         0.
  0.         0.         0.         0.        ]
 [0.         0.09982353 0.         0.         0.         0.
  0.         0.         0.         0.        ]
 [0.         0.10094118 0.         0.         0.         0.
  0.         0.         0.         0.        ]
 [0.         0.10217647 0.         0.         0.         0.
  0.         0.         0.         0.        ]
 [0.         0.10152941 0.         0.         0.         0.
  0.         0.         0.         0.        ]
 [0.         0.09882353 0.         0.         0.         0.
  0.         0.         0.         0.        ]
 [0.         0.09882353 0.         0.         0.         0.
  0.         0.         0.         0.        ]
 [0.         0.09747059 0.         0.         0.         0.
  0.         0.         0.         0.        ]]
