matrix:[[0.         0.10282353 0.         0.         0.         0.
  0.         0.         0.         0.        ]
 [0.         0.09994118 0.         0.         0.         0.
  0.         0.         0.         0.        ]
 [0.         0.09911765 0.         0.         0.         0.
  0.         0.         0.         0.        ]
 [0.         0.099      0.         0.         0.         0.
  0.         0.         0.         0.        ]
 [0.         0.09852941 0.         0.         0.         0.
  0.         0.         0.         0.        ]
 [0.         0.10282353 0.         0.         0.         0.
  0.         0.         0.         0.        ]
 [0.         0.09623529 0.         0.         0.         0.
  0.         0.         0.         0.        ]
 [0.         0.09805882 0.         0.         0.         0.
  0.         0.         0.         0.        ]
 [0.         0.09952941 0.         0.         0.         0.
  0.         0.         0.         0.        ]
 [0.         0.10394118 0.         0.         0.         0.
  0.         0.         0.         0.        ]]
matrix:[[0.         0.         0.10105882 0.         0.         0.
  0.         0.         0.         0.        ]
 [0.         0.         0.10417647 0.         0.         0.
  0.         0.         0.         0.        ]
 [0.         0.         0.09935294 0.         0.         0.
  0.         0.         0.         0.        ]
 [0.         0.         0.10194118 0.         0.         0.
  0.         0.         0.         0.        ]
 [0.         0.         0.09988235 0.         0.         0.
  0.         0.         0.         0.        ]
 [0.         0.         0.09741176 0.         0.         0.
  0.         0.         0.         0.        ]
 [0.         0.         0.09664706 0.         0.         0.
  0.         0.         0.         0.        ]
 [0.         0.         0.09823529 0.         0.         0.
  0.         0.         0.         0.        ]
 [0.         0.         0.10176471 0.         0.         0.
  0.         0.         0.         0.        ]
 [0.         0.         0.09952941 0.         0.         0.
  0.         0.         0.         0.        ]]
matrix:[[0.         0.         0.10064706 0.         0.         0.
  0.         0.         0.         0.        ]
 [0.         0.         0.098      0.         0.         0.
  0.         0.         0.         0.        ]
 [0.         0.         0.09888235 0.         0.         0.
  0.         0.         0.         0.        ]
 [0.         0.         0.09970588 0.         0.         0.
  0.         0.         0.         0.        ]
 [0.         0.         0.10005882 0.         0.         0.
  0.         0.         0.         0.        ]
 [0.         0.         0.09952941 0.         0.         0.
  0.         0.         0.         0.        ]
 [0.         0.         0.09870588 0.         0.         0.
  0.         0.         0.         0.        ]
 [0.         0.         0.09958824 0.         0.         0.
  0.         0.         0.         0.        ]
 [0.         0.         0.10123529 0.         0.         0.
  0.         0.         0.         0.        ]
 [0.         0.         0.10364706 0.         0.         0.
  0.         0.         0.         0.        ]]
matrix:[[0.09776471 0.         0.         0.         0.         0.
  0.         0.         0.         0.        ]
 [0.10052941 0.         0.         0.         0.         0.
  0.         0.         0.         0.        ]
 [0.10241176 0.         0.         0.         0.         0.
  0.         0.         0.         0.        ]
 [0.09858824 0.         0.         0.         0.         0.
  0.         0.         0.         0.        ]
 [0.09994118 0.         0.         0.         0.         0.
  0.         0.         0.         0.        ]
 [0.10035294 0.         0.         0.         0.         0.
  0.         0.         0.         0.        ]
 [0.10358824 0.         0.         0.         0.         0.
  0.         0.         0.         0.        ]
 [0.09905882 0.         0.         0.         0.         0.
  0.         0.         0.         0.        ]
 [0.09623529 0.         0.         0.         0.         0.
  0.         0.         0.         0.        ]
 [0.10152941 0.         0.         0.         0.         0.
  0.         0.         0.         0.        ]]
matrix:[[0.09988235 0.         0.         0.         0.         0.
  0.         0.         0.         0.        ]
 [0.09917647 0.         0.         0.         0.         0.
  0.         0.         0.         0.        ]
 [0.09788235 0.         0.         0.         0.         0.
  0.         0.         0.         0.        ]
 [0.09641176 0.         0.         0.         0.         0.
  0.         0.         0.         0.        ]
 [0.10294118 0.         0.         0.         0.         0.
  0.         0.         0.         0.        ]
 [0.09947059 0.         0.         0.         0.         0.
  0.         0.         0.         0.        ]
 [0.09941176 0.         0.         0.         0.         0.
  0.         0.         0.         0.        ]
 [0.10229412 0.         0.         0.         0.         0.
  0.         0.         0.         0.        ]
 [0.10364706 0.         0.         0.         0.         0.
  0.         0.         0.         0.        ]
 [0.09888235 0.         0.         0.         0.         0.
  0.         0.         0.         0.        ]]
matrix:[[0.         0.09988235 0.         0.         0.         0.
  0.         0.         0.         0.        ]
 [0.         0.10158824 0.         0.         0.         0.
  0.         0.         0.         0.        ]
 [0.         0.10141176 0.         0.         0.         0.
  0.         0.         0.         0.        ]
 [0.         0.10223529 0.         0.         0.         0.
  0.         0.         0.         0.        ]
 [0.         0.09782353 0.         0.         0.         0.
  0.         0.         0.         0.        ]
 [0.         0.09805882 0.         0.         0.         0.
  0.         0.         0.         0.        ]
 [0.         0.09894118 0.         0.         0.         0.
  0.         0.         0.         0.        ]
 [0.         0.09823529 0.         0.         0.         0.
  0.         0.         0.         0.        ]
 [0.         0.10382353 0.         0.         0.         0.
  0.         0.         0.         0.        ]
 [0.         0.098      0.         0.         0.         0.
  0.         0.         0.         0.        ]]
matrix:[[0.         0.         0.         0.         0.         0.
  0.         0.10005882 0.         0.        ]
 [0.         0.         0.         0.         0.         0.
  0.         0.1        0.         0.        ]
 [0.         0.         0.         0.         0.         0.
  0.         0.10417647 0.         0.        ]
 [0.         0.         0.         0.         0.         0.
  0.         0.10041176 0.         0.        ]
 [0.         0.         0.         0.         0.         0.
  0.         0.09776471 0.         0.        ]
 [0.         0.         0.         0.         0.         0.
  0.         0.09805882 0.         0.        ]
 [0.         0.         0.         0.         0.         0.
  0.         0.10052941 0.         0.        ]
 [0.         0.         0.         0.         0.         0.
  0.         0.09823529 0.         0.        ]
 [0.         0.         0.         0.         0.         0.
  0.         0.09747059 0.         0.        ]
 [0.         0.         0.         0.         0.         0.
  0.         0.10329412 0.         0.        ]]
matrix:[[0.         0.         0.09964706 0.         0.         0.
  0.         0.         0.         0.        ]
 [0.         0.         0.09905882 0.         0.         0.
  0.         0.         0.         0.        ]
 [0.         0.         0.10211765 0.         0.         0.
  0.         0.         0.         0.        ]
 [0.         0.         0.09841176 0.         0.         0.
  0.         0.         0.         0.        ]
 [0.         0.         0.09917647 0.         0.         0.
  0.         0.         0.         0.        ]
 [0.         0.         0.10041176 0.         0.         0.
  0.         0.         0.         0.        ]
 [0.         0.         0.10158824 0.         0.         0.
  0.         0.         0.         0.        ]
 [0.         0.         0.10017647 0.         0.         0.
  0.         0.         0.         0.        ]
 [0.         0.         0.102      0.         0.         0.
  0.         0.         0.         0.        ]
 [0.         0.         0.09741176 0.         0.         0.
  0.         0.         0.         0.        ]]
matrix:[[0.         0.         0.         0.         0.         0.
  0.10082353 0.         0.         0.        ]
 [0.         0.         0.         0.         0.         0.
  0.102      0.         0.         0.        ]
 [0.         0.         0.         0.         0.         0.
  0.09952941 0.         0.         0.        ]
 [0.         0.         0.         0.         0.         0.
  0.10205882 0.         0.         0.        ]
 [0.         0.         0.         0.         0.         0.
  0.09605882 0.         0.         0.        ]
 [0.         0.         0.         0.         0.         0.
  0.1        0.         0.         0.        ]
 [0.         0.         0.         0.         0.         0.
  0.10094118 0.         0.         0.        ]
 [0.         0.         0.         0.         0.         0.
  0.10194118 0.         0.         0.        ]
 [0.         0.         0.         0.         0.         0.
  0.09829412 0.         0.         0.        ]
 [0.         0.         0.         0.         0.         0.
  0.09835294 0.         0.         0.        ]]
matrix:[[0.09723529 0.         0.         0.         0.         0.
  0.         0.         0.         0.        ]
 [0.09817647 0.         0.         0.         0.         0.
  0.         0.         0.         0.        ]
 [0.09823529 0.         0.         0.         0.         0.
  0.         0.         0.         0.        ]
 [0.10164706 0.         0.         0.         0.         0.
  0.         0.         0.         0.        ]
 [0.10088235 0.         0.         0.         0.         0.
  0.         0.         0.         0.        ]
 [0.10241176 0.         0.         0.         0.         0.
  0.         0.         0.         0.        ]
 [0.09970588 0.         0.         0.         0.         0.
  0.         0.         0.         0.        ]
 [0.09970588 0.         0.         0.         0.         0.
  0.         0.         0.         0.        ]
 [0.10282353 0.         0.         0.         0.         0.
  0.         0.         0.         0.        ]
 [0.09917647 0.         0.         0.         0.         0.
  0.         0.         0.         0.        ]]
