matrix:[[0.99586533 0.         0.         ... 0.         0.         0.        ]
 [0.         0.         0.         ... 0.         0.         0.        ]
 [0.         0.         1.         ... 0.         0.         0.        ]
 ...
 [0.         0.         0.         ... 0.         0.         0.        ]
 [0.         0.         0.         ... 0.         0.         0.        ]
 [0.         0.         0.         ... 0.         0.         0.        ]]
matrix:[[0.         0.01995294 0.         ... 0.         0.         0.        ]
 [0.         0.01984706 0.         ... 0.         0.         0.        ]
 [0.         0.01987059 0.         ... 0.         0.         0.        ]
 ...
 [0.         0.01967059 0.         ... 0.         0.         0.        ]
 [0.         0.01983529 0.         ... 0.         0.         0.        ]
 [0.         0.02025882 0.         ... 0.         0.         0.        ]]
