matrix:[[0.         0.         0.         0.         0.         0.
  0.         0.         0.09947059 0.        ]
 [0.         0.         0.         0.         0.         0.
  0.         0.         0.09752941 0.        ]
 [0.         0.         0.         0.         0.         0.
  0.         0.         0.10111765 0.        ]
 [0.         0.         0.         0.         0.         0.
  0.         0.         0.10088235 0.        ]
 [0.         0.         0.         0.         0.         0.
  0.         0.         0.10223529 0.        ]
 [0.         0.         0.         0.         0.         0.
  0.         0.         0.1        0.        ]
 [0.         0.         0.         0.         0.         0.
  0.         0.         0.10058824 0.        ]
 [0.         0.         0.         0.         0.         0.
  0.         0.         0.10247059 0.        ]
 [0.         0.         0.         0.         0.         0.
  0.         0.         0.09564706 0.        ]
 [0.         0.         0.         0.         0.         0.
  0.         0.         0.10005882 0.        ]]
