matrix:[[0.         0.         0.         0.         0.         0.
  0.         0.         0.10123529 0.        ]
 [0.         0.         0.         0.         0.         0.
  0.         0.         0.09805882 0.        ]
 [0.         0.         0.         0.         0.         0.
  0.         0.         0.10147059 0.        ]
 [0.         0.         0.         0.         0.         0.
  0.         0.         0.09905882 0.        ]
 [0.         0.         0.         0.         0.         0.
  0.         0.         0.09988235 0.        ]
 [0.         0.         0.         0.         0.         0.
  0.         0.         0.10129412 0.        ]
 [0.         0.         0.         0.         0.         0.
  0.         0.         0.09917647 0.        ]
 [0.         0.         0.         0.         0.         0.
  0.         0.         0.10176471 0.        ]
 [0.         0.         0.         0.         0.         0.
  0.         0.         0.09917647 0.        ]
 [0.         0.         0.         0.         0.         0.
  0.         0.         0.09888235 0.        ]]
matrix:[[0.         0.         0.         0.         0.103      0.
  0.         0.         0.         0.        ]
 [0.         0.         0.         0.         0.09905882 0.
  0.         0.         0.         0.        ]
 [0.         0.         0.         0.         0.09876471 0.
  0.         0.         0.         0.        ]
 [0.         0.         0.         0.         0.09658824 0.
  0.         0.         0.         0.        ]
 [0.         0.         0.         0.         0.10217647 0.
  0.         0.         0.         0.        ]
 [0.         0.         0.         0.         0.10076471 0.
  0.         0.         0.         0.        ]
 [0.         0.         0.         0.         0.09911765 0.
  0.         0.         0.         0.        ]
 [0.         0.         0.         0.         0.09882353 0.
  0.         0.         0.         0.        ]
 [0.         0.         0.         0.         0.10305882 0.
  0.         0.         0.         0.        ]
 [0.         0.         0.         0.         0.09864706 0.
  0.         0.         0.         0.        ]]
matrix:[[0.         0.         0.10017647 0.         0.         0.
  0.         0.         0.         0.        ]
 [0.         0.         0.10017647 0.         0.         0.
  0.         0.         0.         0.        ]
 [0.         0.         0.09670588 0.         0.         0.
  0.         0.         0.         0.        ]
 [0.         0.         0.10082353 0.         0.         0.
  0.         0.         0.         0.        ]
 [0.         0.         0.09905882 0.         0.         0.
  0.         0.         0.         0.        ]
 [0.         0.         0.10041176 0.         0.         0.
  0.         0.         0.         0.        ]
 [0.         0.         0.10111765 0.         0.         0.
  0.         0.         0.         0.        ]
 [0.         0.         0.09664706 0.         0.         0.
  0.         0.         0.         0.        ]
 [0.         0.         0.09994118 0.         0.         0.
  0.         0.         0.         0.        ]
 [0.         0.         0.10494118 0.         0.         0.
  0.         0.         0.         0.        ]]
matrix:[[0.         0.         0.         0.         0.         0.
  0.         0.         0.         0.09717647]
 [0.         0.         0.         0.         0.         0.
  0.         0.         0.         0.10358824]
 [0.         0.         0.         0.         0.         0.
  0.         0.         0.         0.10147059]
 [0.         0.         0.         0.         0.         0.
  0.         0.         0.         0.10258824]
 [0.         0.         0.         0.         0.         0.
  0.         0.         0.         0.10029412]
 [0.         0.         0.         0.         0.         0.
  0.         0.         0.         0.10135294]
 [0.         0.         0.         0.         0.         0.
  0.         0.         0.         0.09876471]
 [0.         0.         0.         0.         0.         0.
  0.         0.         0.         0.09641176]
 [0.         0.         0.         0.         0.         0.
  0.         0.         0.         0.10035294]
 [0.         0.         0.         0.         0.         0.
  0.         0.         0.         0.098     ]]
matrix:[[0.         0.         0.         0.         0.         0.
  0.         0.09788235 0.         0.        ]
 [0.         0.         0.         0.         0.         0.
  0.         0.09941176 0.         0.        ]
 [0.         0.         0.         0.         0.         0.
  0.         0.10123529 0.         0.        ]
 [0.         0.         0.         0.         0.         0.
  0.         0.10358824 0.         0.        ]
 [0.         0.         0.         0.         0.         0.
  0.         0.10111765 0.         0.        ]
 [0.         0.         0.         0.         0.         0.
  0.         0.09852941 0.         0.        ]
 [0.         0.         0.         0.         0.         0.
  0.         0.09870588 0.         0.        ]
 [0.         0.         0.         0.         0.         0.
  0.         0.09941176 0.         0.        ]
 [0.         0.         0.         0.         0.         0.
  0.         0.09964706 0.         0.        ]
 [0.         0.         0.         0.         0.         0.
  0.         0.10047059 0.         0.        ]]
matrix:[[0.         0.         0.         0.         0.         0.09794118
  0.         0.         0.         0.        ]
 [0.         0.         0.         0.         0.         0.10129412
  0.         0.         0.         0.        ]
 [0.         0.         0.         0.         0.         0.10376471
  0.         0.         0.         0.        ]
 [0.         0.         0.         0.         0.         0.10288235
  0.         0.         0.         0.        ]
 [0.         0.         0.         0.         0.         0.09717647
  0.         0.         0.         0.        ]
 [0.         0.         0.         0.         0.         0.10194118
  0.         0.         0.         0.        ]
 [0.         0.         0.         0.         0.         0.09876471
  0.         0.         0.         0.        ]
 [0.         0.         0.         0.         0.         0.09941176
  0.         0.         0.         0.        ]
 [0.         0.         0.         0.         0.         0.10111765
  0.         0.         0.         0.        ]
 [0.         0.         0.         0.         0.         0.09570588
  0.         0.         0.         0.        ]]
matrix:[[0.         0.         0.10076471 0.         0.         0.
  0.         0.         0.         0.        ]
 [0.         0.         0.09929412 0.         0.         0.
  0.         0.         0.         0.        ]
 [0.         0.         0.10035294 0.         0.         0.
  0.         0.         0.         0.        ]
 [0.         0.         0.10070588 0.         0.         0.
  0.         0.         0.         0.        ]
 [0.         0.         0.10164706 0.         0.         0.
  0.         0.         0.         0.        ]
 [0.         0.         0.09952941 0.         0.         0.
  0.         0.         0.         0.        ]
 [0.         0.         0.10023529 0.         0.         0.
  0.         0.         0.         0.        ]
 [0.         0.         0.09782353 0.         0.         0.
  0.         0.         0.         0.        ]
 [0.         0.         0.09894118 0.         0.         0.
  0.         0.         0.         0.        ]
 [0.         0.         0.10070588 0.         0.         0.
  0.         0.         0.         0.        ]]
matrix:[[0.         0.         0.         0.         0.         0.09694118
  0.         0.         0.         0.        ]
 [0.         0.         0.         0.         0.         0.09847059
  0.         0.         0.         0.        ]
 [0.         0.         0.         0.         0.         0.10229412
  0.         0.         0.         0.        ]
 [0.         0.         0.         0.         0.         0.10147059
  0.         0.         0.         0.        ]
 [0.         0.         0.         0.         0.         0.10235294
  0.         0.         0.         0.        ]
 [0.         0.         0.         0.         0.         0.099
  0.         0.         0.         0.        ]
 [0.         0.         0.         0.         0.         0.09870588
  0.         0.         0.         0.        ]
 [0.         0.         0.         0.         0.         0.099
  0.         0.         0.         0.        ]
 [0.         0.         0.         0.         0.         0.10041176
  0.         0.         0.         0.        ]
 [0.         0.         0.         0.         0.         0.10135294
  0.         0.         0.         0.        ]]
matrix:[[0.         0.         0.         0.         0.09864706 0.
  0.         0.         0.         0.        ]
 [0.         0.         0.         0.         0.09741176 0.
  0.         0.         0.         0.        ]
 [0.         0.         0.         0.         0.09782353 0.
  0.         0.         0.         0.        ]
 [0.         0.         0.         0.         0.10270588 0.
  0.         0.         0.         0.        ]
 [0.         0.         0.         0.         0.09952941 0.
  0.         0.         0.         0.        ]
 [0.         0.         0.         0.         0.10223529 0.
  0.         0.         0.         0.        ]
 [0.         0.         0.         0.         0.09929412 0.
  0.         0.         0.         0.        ]
 [0.         0.         0.         0.         0.10164706 0.
  0.         0.         0.         0.        ]
 [0.         0.         0.         0.         0.10205882 0.
  0.         0.         0.         0.        ]
 [0.         0.         0.         0.         0.09864706 0.
  0.         0.         0.         0.        ]]
matrix:[[0.         0.         0.         0.         0.         0.
  0.         0.         0.10005882 0.        ]
 [0.         0.         0.         0.         0.         0.
  0.         0.         0.09447059 0.        ]
 [0.         0.         0.         0.         0.         0.
  0.         0.         0.09811765 0.        ]
 [0.         0.         0.         0.         0.         0.
  0.         0.         0.10064706 0.        ]
 [0.         0.         0.         0.         0.         0.
  0.         0.         0.10129412 0.        ]
 [0.         0.         0.         0.         0.         0.
  0.         0.         0.10117647 0.        ]
 [0.         0.         0.         0.         0.         0.
  0.         0.         0.09917647 0.        ]
 [0.         0.         0.         0.         0.         0.
  0.         0.         0.10494118 0.        ]
 [0.         0.         0.         0.         0.         0.
  0.         0.         0.10135294 0.        ]
 [0.         0.         0.         0.         0.         0.
  0.         0.         0.09876471 0.        ]]
