matrix:[[9.91576414e-01 0.00000000e+00 0.00000000e+00 0.00000000e+00
  0.00000000e+00 0.00000000e+00 1.73711639e-03 0.00000000e+00
  0.00000000e+00 0.00000000e+00]
 [1.20336943e-03 0.00000000e+00 0.00000000e+00 0.00000000e+00
  5.76036866e-04 0.00000000e+00 1.73711639e-03 0.00000000e+00
  0.00000000e+00 2.51043530e-01]
 [0.00000000e+00 0.00000000e+00 1.00000000e+00 2.30282096e-03
  0.00000000e+00 0.00000000e+00 5.79038796e-04 1.74317257e-03
  0.00000000e+00 0.00000000e+00]
 [1.20336943e-03 0.00000000e+00 0.00000000e+00 9.97697179e-01
  0.00000000e+00 0.00000000e+00 2.31615518e-03 5.81057525e-04
  0.00000000e+00 0.00000000e+00]
 [1.80505415e-03 0.00000000e+00 0.00000000e+00 0.00000000e+00
  9.75230415e-01 0.00000000e+00 1.15807759e-03 0.00000000e+00
  0.00000000e+00 0.00000000e+00]
 [1.80505415e-03 0.00000000e+00 0.00000000e+00 0.00000000e+00
  0.00000000e+00 0.00000000e+00 3.47423277e-03 1.16211505e-03
  0.00000000e+00 2.47465713e-01]
 [0.00000000e+00 0.00000000e+00 0.00000000e+00 0.00000000e+00
  0.00000000e+00 0.00000000e+00 9.86682108e-01 5.81057525e-04
  0.00000000e+00 0.00000000e+00]
 [0.00000000e+00 0.00000000e+00 0.00000000e+00 0.00000000e+00
  0.00000000e+00 0.00000000e+00 5.79038796e-04 9.93027310e-01
  0.00000000e+00 0.00000000e+00]
 [1.20336943e-03 0.00000000e+00 0.00000000e+00 0.00000000e+00
  2.41935484e-02 0.00000000e+00 1.15807759e-03 1.16211505e-03
  0.00000000e+00 2.51043530e-01]
 [1.20336943e-03 0.00000000e+00 0.00000000e+00 0.00000000e+00
  0.00000000e+00 0.00000000e+00 5.79038796e-04 1.74317257e-03
  0.00000000e+00 2.50447227e-01]]
matrix:[[1.00000000e+00 0.00000000e+00 0.00000000e+00 0.00000000e+00
  0.00000000e+00 5.47945205e-02 0.00000000e+00 0.00000000e+00
  0.00000000e+00 0.00000000e+00]
 [0.00000000e+00 1.00000000e+00 0.00000000e+00 0.00000000e+00
  0.00000000e+00 8.21917808e-02 0.00000000e+00 0.00000000e+00
  0.00000000e+00 0.00000000e+00]
 [0.00000000e+00 0.00000000e+00 1.00000000e+00 0.00000000e+00
  0.00000000e+00 1.09589041e-01 0.00000000e+00 0.00000000e+00
  0.00000000e+00 2.91247998e-04]
 [0.00000000e+00 0.00000000e+00 0.00000000e+00 1.00000000e+00
  0.00000000e+00 1.23287671e-01 0.00000000e+00 0.00000000e+00
  3.33333333e-01 0.00000000e+00]
 [0.00000000e+00 0.00000000e+00 0.00000000e+00 0.00000000e+00
  0.00000000e+00 9.58904110e-02 0.00000000e+00 0.00000000e+00
  0.00000000e+00 2.52220766e-01]
 [0.00000000e+00 0.00000000e+00 0.00000000e+00 0.00000000e+00
  0.00000000e+00 1.09589041e-01 0.00000000e+00 0.00000000e+00
  3.33333333e-01 2.46687054e-01]
 [0.00000000e+00 0.00000000e+00 0.00000000e+00 0.00000000e+00
  0.00000000e+00 6.84931507e-02 1.00000000e+00 0.00000000e+00
  0.00000000e+00 0.00000000e+00]
 [0.00000000e+00 0.00000000e+00 0.00000000e+00 0.00000000e+00
  0.00000000e+00 5.47945205e-02 0.00000000e+00 1.00000000e+00
  3.33333333e-01 0.00000000e+00]
 [0.00000000e+00 0.00000000e+00 0.00000000e+00 0.00000000e+00
  0.00000000e+00 1.50684932e-01 0.00000000e+00 0.00000000e+00
  0.00000000e+00 2.47269550e-01]
 [0.00000000e+00 0.00000000e+00 0.00000000e+00 0.00000000e+00
  0.00000000e+00 1.50684932e-01 0.00000000e+00 0.00000000e+00
  0.00000000e+00 2.53531382e-01]]
matrix:[[9.84536082e-01 0.00000000e+00 0.00000000e+00 3.36304019e-04
  0.00000000e+00 0.00000000e+00 0.00000000e+00 0.00000000e+00
  0.00000000e+00 0.00000000e+00]
 [1.71821306e-03 0.00000000e+00 0.00000000e+00 1.47805616e-01
  0.00000000e+00 0.00000000e+00 0.00000000e+00 0.00000000e+00
  0.00000000e+00 0.00000000e+00]
 [1.71821306e-03 0.00000000e+00 1.00000000e+00 5.88532033e-04
  0.00000000e+00 0.00000000e+00 0.00000000e+00 0.00000000e+00
  0.00000000e+00 0.00000000e+00]
 [4.00916380e-03 0.00000000e+00 0.00000000e+00 1.39650244e-01
  0.00000000e+00 0.00000000e+00 0.00000000e+00 0.00000000e+00
  0.00000000e+00 0.00000000e+00]
 [1.71821306e-03 0.00000000e+00 0.00000000e+00 1.44442576e-01
  0.00000000e+00 0.00000000e+00 0.00000000e+00 0.00000000e+00
  0.00000000e+00 0.00000000e+00]
 [0.00000000e+00 0.00000000e+00 0.00000000e+00 1.41668068e-01
  0.00000000e+00 0.00000000e+00 0.00000000e+00 0.00000000e+00
  0.00000000e+00 0.00000000e+00]
 [1.14547537e-03 0.00000000e+00 0.00000000e+00 1.40575080e-01
  0.00000000e+00 0.00000000e+00 0.00000000e+00 0.00000000e+00
  0.00000000e+00 0.00000000e+00]
 [0.00000000e+00 0.00000000e+00 0.00000000e+00 0.00000000e+00
  0.00000000e+00 0.00000000e+00 0.00000000e+00 1.00000000e+00
  0.00000000e+00 0.00000000e+00]
 [2.86368843e-03 0.00000000e+00 0.00000000e+00 1.41583992e-01
  0.00000000e+00 0.00000000e+00 0.00000000e+00 0.00000000e+00
  0.00000000e+00 0.00000000e+00]
 [2.29095074e-03 0.00000000e+00 0.00000000e+00 1.43349588e-01
  0.00000000e+00 0.00000000e+00 0.00000000e+00 0.00000000e+00
  0.00000000e+00 0.00000000e+00]]
