matrix:[[9.88901869e-01 0.00000000e+00 0.00000000e+00 0.00000000e+00
  1.76678445e-03 0.00000000e+00 0.00000000e+00 0.00000000e+00
  0.00000000e+00 1.17855038e-03]
 [1.16822430e-03 1.00000000e+00 0.00000000e+00 0.00000000e+00
  0.00000000e+00 0.00000000e+00 0.00000000e+00 0.00000000e+00
  0.00000000e+00 1.76782557e-03]
 [1.75233645e-03 0.00000000e+00 1.00000000e+00 0.00000000e+00
  0.00000000e+00 0.00000000e+00 0.00000000e+00 0.00000000e+00
  0.00000000e+00 2.35710077e-03]
 [5.84112150e-04 0.00000000e+00 0.00000000e+00 1.00000000e+00
  1.76678445e-03 0.00000000e+00 0.00000000e+00 0.00000000e+00
  0.00000000e+00 2.94637596e-03]
 [2.92056075e-03 0.00000000e+00 0.00000000e+00 0.00000000e+00
  9.89399293e-01 0.00000000e+00 0.00000000e+00 0.00000000e+00
  0.00000000e+00 5.89275192e-04]
 [1.16822430e-03 0.00000000e+00 0.00000000e+00 0.00000000e+00
  0.00000000e+00 1.00000000e+00 0.00000000e+00 0.00000000e+00
  0.00000000e+00 1.17855038e-03]
 [1.75233645e-03 0.00000000e+00 0.00000000e+00 0.00000000e+00
  0.00000000e+00 0.00000000e+00 1.00000000e+00 0.00000000e+00
  0.00000000e+00 2.35710077e-03]
 [5.84112150e-04 0.00000000e+00 0.00000000e+00 0.00000000e+00
  2.94464075e-03 0.00000000e+00 0.00000000e+00 1.00000000e+00
  0.00000000e+00 5.89275192e-04]
 [1.16822430e-03 0.00000000e+00 0.00000000e+00 0.00000000e+00
  2.94464075e-03 0.00000000e+00 0.00000000e+00 0.00000000e+00
  9.97099768e-01 1.17855038e-03]
 [0.00000000e+00 0.00000000e+00 0.00000000e+00 0.00000000e+00
  1.17785630e-03 0.00000000e+00 0.00000000e+00 0.00000000e+00
  2.90023202e-03 9.85857395e-01]]
matrix:[[1.00000000e+00 0.00000000e+00 0.00000000e+00 1.71037628e-03
  0.00000000e+00 0.00000000e+00 0.00000000e+00 0.00000000e+00
  0.00000000e+00 4.55580866e-03]
 [0.00000000e+00 1.00000000e+00 0.00000000e+00 0.00000000e+00
  0.00000000e+00 0.00000000e+00 0.00000000e+00 0.00000000e+00
  0.00000000e+00 1.13895216e-03]
 [0.00000000e+00 0.00000000e+00 1.00000000e+00 5.70125428e-04
  0.00000000e+00 0.00000000e+00 0.00000000e+00 0.00000000e+00
  0.00000000e+00 2.84738041e-03]
 [0.00000000e+00 0.00000000e+00 0.00000000e+00 9.93158495e-01
  0.00000000e+00 0.00000000e+00 0.00000000e+00 0.00000000e+00
  0.00000000e+00 2.84738041e-03]
 [0.00000000e+00 0.00000000e+00 0.00000000e+00 0.00000000e+00
  1.00000000e+00 0.00000000e+00 0.00000000e+00 6.01322910e-04
  0.00000000e+00 2.27790433e-03]
 [0.00000000e+00 0.00000000e+00 0.00000000e+00 5.70125428e-04
  0.00000000e+00 1.00000000e+00 0.00000000e+00 0.00000000e+00
  0.00000000e+00 2.84738041e-03]
 [0.00000000e+00 0.00000000e+00 0.00000000e+00 5.70125428e-04
  0.00000000e+00 0.00000000e+00 1.00000000e+00 0.00000000e+00
  0.00000000e+00 1.70842825e-03]
 [0.00000000e+00 0.00000000e+00 0.00000000e+00 0.00000000e+00
  0.00000000e+00 0.00000000e+00 0.00000000e+00 9.99398677e-01
  0.00000000e+00 2.27790433e-03]
 [0.00000000e+00 0.00000000e+00 0.00000000e+00 0.00000000e+00
  0.00000000e+00 0.00000000e+00 0.00000000e+00 0.00000000e+00
  1.00000000e+00 1.13895216e-03]
 [0.00000000e+00 0.00000000e+00 0.00000000e+00 3.42075257e-03
  0.00000000e+00 0.00000000e+00 0.00000000e+00 0.00000000e+00
  0.00000000e+00 9.78359909e-01]]
matrix:[[3.37098692e-01 0.00000000e+00 0.00000000e+00 0.00000000e+00
  0.00000000e+00 0.00000000e+00 0.00000000e+00 0.00000000e+00
  1.42857143e-01 0.00000000e+00]
 [1.98176774e-04 1.00000000e+00 0.00000000e+00 0.00000000e+00
  0.00000000e+00 0.00000000e+00 0.00000000e+00 0.00000000e+00
  4.76190476e-02 0.00000000e+00]
 [1.98176774e-04 0.00000000e+00 1.00000000e+00 0.00000000e+00
  0.00000000e+00 0.00000000e+00 0.00000000e+00 0.00000000e+00
  4.76190476e-02 0.00000000e+00]
 [3.25208086e-01 0.00000000e+00 0.00000000e+00 0.00000000e+00
  0.00000000e+00 0.00000000e+00 0.00000000e+00 0.00000000e+00
  1.66666667e-01 0.00000000e+00]
 [3.96353547e-04 0.00000000e+00 0.00000000e+00 0.00000000e+00
  0.00000000e+00 0.00000000e+00 0.00000000e+00 1.16346713e-03
  1.19047619e-01 4.93055556e-01]
 [0.00000000e+00 0.00000000e+00 0.00000000e+00 0.00000000e+00
  0.00000000e+00 1.00000000e+00 0.00000000e+00 0.00000000e+00
  1.19047619e-01 0.00000000e+00]
 [1.98176774e-04 0.00000000e+00 0.00000000e+00 0.00000000e+00
  0.00000000e+00 0.00000000e+00 1.00000000e+00 0.00000000e+00
  1.42857143e-01 0.00000000e+00]
 [0.00000000e+00 0.00000000e+00 0.00000000e+00 0.00000000e+00
  0.00000000e+00 0.00000000e+00 0.00000000e+00 9.98836533e-01
  7.14285714e-02 0.00000000e+00]
 [3.35513278e-01 0.00000000e+00 0.00000000e+00 0.00000000e+00
  0.00000000e+00 0.00000000e+00 0.00000000e+00 0.00000000e+00
  9.52380952e-02 0.00000000e+00]
 [1.18906064e-03 0.00000000e+00 0.00000000e+00 0.00000000e+00
  0.00000000e+00 0.00000000e+00 0.00000000e+00 0.00000000e+00
  4.76190476e-02 5.06944444e-01]]
matrix:[[9.88636364e-01 0.00000000e+00 0.00000000e+00 0.00000000e+00
  0.00000000e+00 0.00000000e+00 5.89622642e-04 5.69800570e-04
  0.00000000e+00 0.00000000e+00]
 [5.68181818e-04 1.00000000e+00 0.00000000e+00 0.00000000e+00
  0.00000000e+00 0.00000000e+00 0.00000000e+00 2.27920228e-03
  0.00000000e+00 5.92417062e-04]
 [5.68181818e-04 0.00000000e+00 1.00000000e+00 0.00000000e+00
  0.00000000e+00 0.00000000e+00 0.00000000e+00 2.27920228e-03
  0.00000000e+00 0.00000000e+00]
 [2.84090909e-03 0.00000000e+00 0.00000000e+00 9.97599040e-01
  0.00000000e+00 0.00000000e+00 0.00000000e+00 2.84900285e-03
  0.00000000e+00 0.00000000e+00]
 [2.27272727e-03 0.00000000e+00 0.00000000e+00 2.40096038e-03
  1.00000000e+00 0.00000000e+00 0.00000000e+00 5.69800570e-04
  0.00000000e+00 5.92417062e-04]
 [0.00000000e+00 0.00000000e+00 0.00000000e+00 0.00000000e+00
  0.00000000e+00 1.00000000e+00 0.00000000e+00 1.70940171e-03
  0.00000000e+00 0.00000000e+00]
 [5.68181818e-04 0.00000000e+00 0.00000000e+00 0.00000000e+00
  0.00000000e+00 0.00000000e+00 9.98820755e-01 2.27920228e-03
  0.00000000e+00 0.00000000e+00]
 [1.70454545e-03 0.00000000e+00 0.00000000e+00 0.00000000e+00
  0.00000000e+00 0.00000000e+00 0.00000000e+00 9.84615385e-01
  0.00000000e+00 5.92417062e-04]
 [1.13636364e-03 0.00000000e+00 0.00000000e+00 0.00000000e+00
  0.00000000e+00 0.00000000e+00 5.89622642e-04 1.13960114e-03
  1.00000000e+00 0.00000000e+00]
 [1.70454545e-03 0.00000000e+00 0.00000000e+00 0.00000000e+00
  0.00000000e+00 0.00000000e+00 0.00000000e+00 1.70940171e-03
  0.00000000e+00 9.98222749e-01]]
matrix:[[9.90384615e-01 0.00000000e+00 0.00000000e+00 5.66251416e-04
  1.15141048e-03 0.00000000e+00 0.00000000e+00 0.00000000e+00
  0.00000000e+00 0.00000000e+00]
 [0.00000000e+00 1.00000000e+00 0.00000000e+00 0.00000000e+00
  2.30282096e-03 0.00000000e+00 0.00000000e+00 0.00000000e+00
  0.00000000e+00 0.00000000e+00]
 [0.00000000e+00 0.00000000e+00 1.00000000e+00 0.00000000e+00
  2.87852619e-03 0.00000000e+00 0.00000000e+00 0.00000000e+00
  0.00000000e+00 0.00000000e+00]
 [2.82805430e-03 0.00000000e+00 0.00000000e+00 9.97168743e-01
  5.75705239e-04 0.00000000e+00 0.00000000e+00 0.00000000e+00
  0.00000000e+00 0.00000000e+00]
 [2.26244344e-03 0.00000000e+00 0.00000000e+00 2.26500566e-03
  9.80426022e-01 0.00000000e+00 0.00000000e+00 0.00000000e+00
  0.00000000e+00 0.00000000e+00]
 [0.00000000e+00 0.00000000e+00 0.00000000e+00 0.00000000e+00
  4.60564191e-03 1.00000000e+00 0.00000000e+00 0.00000000e+00
  0.00000000e+00 0.00000000e+00]
 [0.00000000e+00 0.00000000e+00 0.00000000e+00 0.00000000e+00
  2.30282096e-03 0.00000000e+00 1.00000000e+00 0.00000000e+00
  0.00000000e+00 0.00000000e+00]
 [2.26244344e-03 0.00000000e+00 0.00000000e+00 0.00000000e+00
  1.72711572e-03 0.00000000e+00 0.00000000e+00 1.00000000e+00
  0.00000000e+00 0.00000000e+00]
 [5.65610860e-04 0.00000000e+00 0.00000000e+00 0.00000000e+00
  1.72711572e-03 0.00000000e+00 0.00000000e+00 0.00000000e+00
  9.97520149e-01 0.00000000e+00]
 [1.69683258e-03 0.00000000e+00 0.00000000e+00 0.00000000e+00
  2.30282096e-03 0.00000000e+00 0.00000000e+00 0.00000000e+00
  2.47985121e-03 1.00000000e+00]]
matrix:[[9.74799542e-01 0.00000000e+00 0.00000000e+00 0.00000000e+00
  0.00000000e+00 0.00000000e+00 0.00000000e+00 0.00000000e+00
  2.95508274e-03 0.00000000e+00]
 [2.29095074e-03 1.00000000e+00 0.00000000e+00 0.00000000e+00
  0.00000000e+00 0.00000000e+00 0.00000000e+00 0.00000000e+00
  0.00000000e+00 0.00000000e+00]
 [2.29095074e-03 0.00000000e+00 1.00000000e+00 0.00000000e+00
  0.00000000e+00 0.00000000e+00 0.00000000e+00 0.00000000e+00
  0.00000000e+00 0.00000000e+00]
 [2.29095074e-03 0.00000000e+00 0.00000000e+00 1.00000000e+00
  0.00000000e+00 0.00000000e+00 0.00000000e+00 0.00000000e+00
  1.77304965e-03 0.00000000e+00]
 [6.30011455e-03 0.00000000e+00 0.00000000e+00 0.00000000e+00
  1.00000000e+00 0.00000000e+00 0.00000000e+00 2.38521169e-03
  0.00000000e+00 0.00000000e+00]
 [2.29095074e-03 0.00000000e+00 0.00000000e+00 0.00000000e+00
  0.00000000e+00 1.00000000e+00 0.00000000e+00 0.00000000e+00
  5.91016548e-04 0.00000000e+00]
 [4.00916380e-03 0.00000000e+00 0.00000000e+00 0.00000000e+00
  0.00000000e+00 0.00000000e+00 1.00000000e+00 0.00000000e+00
  0.00000000e+00 0.00000000e+00]
 [1.14547537e-03 0.00000000e+00 0.00000000e+00 0.00000000e+00
  0.00000000e+00 0.00000000e+00 0.00000000e+00 9.95825880e-01
  0.00000000e+00 0.00000000e+00]
 [2.29095074e-03 0.00000000e+00 0.00000000e+00 0.00000000e+00
  0.00000000e+00 0.00000000e+00 0.00000000e+00 0.00000000e+00
  9.92316785e-01 0.00000000e+00]
 [2.29095074e-03 0.00000000e+00 0.00000000e+00 0.00000000e+00
  0.00000000e+00 0.00000000e+00 0.00000000e+00 1.78890877e-03
  2.36406619e-03 1.00000000e+00]]
matrix:[[9.93487271e-01 2.21361372e-03 0.00000000e+00 0.00000000e+00
  0.00000000e+00 0.00000000e+00 0.00000000e+00 0.00000000e+00
  0.00000000e+00 5.95947557e-04]
 [0.00000000e+00 9.79524073e-01 0.00000000e+00 0.00000000e+00
  0.00000000e+00 0.00000000e+00 0.00000000e+00 0.00000000e+00
  0.00000000e+00 0.00000000e+00]
 [0.00000000e+00 2.21361372e-03 1.00000000e+00 0.00000000e+00
  5.95592615e-04 0.00000000e+00 0.00000000e+00 0.00000000e+00
  0.00000000e+00 0.00000000e+00]
 [1.77619893e-03 1.66021029e-03 0.00000000e+00 9.96449704e-01
  0.00000000e+00 0.00000000e+00 0.00000000e+00 0.00000000e+00
  0.00000000e+00 5.95947557e-04]
 [0.00000000e+00 1.10680686e-03 0.00000000e+00 2.95857988e-03
  9.98808815e-01 0.00000000e+00 0.00000000e+00 2.39377618e-03
  0.00000000e+00 0.00000000e+00]
 [0.00000000e+00 3.32042059e-03 0.00000000e+00 0.00000000e+00
  0.00000000e+00 9.99392467e-01 5.88581519e-04 0.00000000e+00
  0.00000000e+00 0.00000000e+00]
 [0.00000000e+00 1.66021029e-03 0.00000000e+00 0.00000000e+00
  5.95592615e-04 0.00000000e+00 9.99411418e-01 0.00000000e+00
  0.00000000e+00 0.00000000e+00]
 [0.00000000e+00 2.21361372e-03 0.00000000e+00 0.00000000e+00
  0.00000000e+00 6.07533414e-04 0.00000000e+00 9.97606224e-01
  0.00000000e+00 0.00000000e+00]
 [1.18413262e-03 2.76701716e-03 0.00000000e+00 5.91715976e-04
  0.00000000e+00 0.00000000e+00 0.00000000e+00 0.00000000e+00
  1.00000000e+00 0.00000000e+00]
 [3.55239787e-03 3.32042059e-03 0.00000000e+00 0.00000000e+00
  0.00000000e+00 0.00000000e+00 0.00000000e+00 0.00000000e+00
  0.00000000e+00 9.98808105e-01]]
matrix:[[3.32876712e-01 0.00000000e+00 0.00000000e+00 0.00000000e+00
  5.86854460e-04 0.00000000e+00 0.00000000e+00 2.37529691e-03
  0.00000000e+00 2.82645562e-03]
 [0.00000000e+00 1.00000000e+00 5.97728631e-04 0.00000000e+00
  0.00000000e+00 5.87544066e-04 0.00000000e+00 0.00000000e+00
  0.00000000e+00 1.69587337e-03]
 [0.00000000e+00 0.00000000e+00 9.98804543e-01 0.00000000e+00
  0.00000000e+00 0.00000000e+00 0.00000000e+00 0.00000000e+00
  0.00000000e+00 2.82645562e-03]
 [3.29549902e-01 0.00000000e+00 0.00000000e+00 0.00000000e+00
  0.00000000e+00 0.00000000e+00 0.00000000e+00 0.00000000e+00
  0.00000000e+00 1.13058225e-03]
 [3.91389432e-04 0.00000000e+00 0.00000000e+00 0.00000000e+00
  9.98239437e-01 0.00000000e+00 0.00000000e+00 2.37529691e-03
  0.00000000e+00 2.82645562e-03]
 [0.00000000e+00 0.00000000e+00 0.00000000e+00 0.00000000e+00
  0.00000000e+00 9.99412456e-01 0.00000000e+00 0.00000000e+00
  0.00000000e+00 2.82645562e-03]
 [0.00000000e+00 0.00000000e+00 5.97728631e-04 0.00000000e+00
  0.00000000e+00 0.00000000e+00 1.00000000e+00 0.00000000e+00
  0.00000000e+00 1.69587337e-03]
 [0.00000000e+00 0.00000000e+00 0.00000000e+00 0.00000000e+00
  5.86854460e-04 0.00000000e+00 0.00000000e+00 9.89904988e-01
  0.00000000e+00 1.69587337e-03]
 [3.36007828e-01 0.00000000e+00 0.00000000e+00 0.00000000e+00
  0.00000000e+00 0.00000000e+00 0.00000000e+00 3.56294537e-03
  0.00000000e+00 2.82645562e-03]
 [1.17416830e-03 0.00000000e+00 0.00000000e+00 0.00000000e+00
  5.86854460e-04 0.00000000e+00 0.00000000e+00 1.78147268e-03
  0.00000000e+00 9.79649520e-01]]
matrix:[[0.         0.         0.         0.         0.         0.
  0.         0.         0.         0.1705191 ]
 [0.         0.         0.         0.         0.         0.24963181
  0.         0.         0.         0.        ]
 [0.         0.         0.         0.         0.         0.24963181
  0.         0.         0.         0.00058766]
 [0.         0.         0.         0.         0.         0.
  0.         0.         0.         0.16376102]
 [0.         0.         0.         0.         0.         0.
  0.         0.         0.         0.17198825]
 [0.         0.         0.         0.         0.         0.25125184
  0.         0.         0.         0.00048972]
 [0.         0.         0.         0.         0.         0.24948454
  0.         0.         0.         0.00048972]
 [0.         0.         0.         0.         0.         0.
  0.         0.         0.         0.16248776]
 [0.         0.         0.         0.         0.         0.
  0.         0.         0.         0.16444662]
 [0.         0.         0.         0.         0.         0.
  0.         0.         0.         0.16523017]]
matrix:[[0.00000000e+00 3.43839542e-03 0.00000000e+00 0.00000000e+00
  6.07902736e-04 0.00000000e+00 0.00000000e+00 0.00000000e+00
  4.31636727e-01 0.00000000e+00]
 [0.00000000e+00 9.80515759e-01 0.00000000e+00 0.00000000e+00
  0.00000000e+00 0.00000000e+00 1.76782557e-03 0.00000000e+00
  0.00000000e+00 0.00000000e+00]
 [0.00000000e+00 2.86532951e-03 1.00000000e+00 0.00000000e+00
  0.00000000e+00 0.00000000e+00 5.89275192e-04 0.00000000e+00
  0.00000000e+00 0.00000000e+00]
 [0.00000000e+00 1.14613181e-03 0.00000000e+00 9.98230088e-01
  0.00000000e+00 0.00000000e+00 0.00000000e+00 0.00000000e+00
  7.48502994e-04 0.00000000e+00]
 [0.00000000e+00 2.86532951e-03 0.00000000e+00 1.76991150e-03
  9.99392097e-01 0.00000000e+00 0.00000000e+00 0.00000000e+00
  1.49700599e-03 0.00000000e+00]
 [0.00000000e+00 2.29226361e-03 0.00000000e+00 0.00000000e+00
  0.00000000e+00 1.00000000e+00 5.89275192e-04 0.00000000e+00
  0.00000000e+00 0.00000000e+00]
 [0.00000000e+00 2.29226361e-03 0.00000000e+00 0.00000000e+00
  0.00000000e+00 0.00000000e+00 9.97053624e-01 0.00000000e+00
  0.00000000e+00 0.00000000e+00]
 [0.00000000e+00 1.14613181e-03 0.00000000e+00 0.00000000e+00
  0.00000000e+00 0.00000000e+00 0.00000000e+00 1.00000000e+00
  1.24750499e-03 0.00000000e+00]
 [0.00000000e+00 2.29226361e-03 0.00000000e+00 0.00000000e+00
  0.00000000e+00 0.00000000e+00 0.00000000e+00 0.00000000e+00
  4.19161677e-01 0.00000000e+00]
 [0.00000000e+00 1.14613181e-03 0.00000000e+00 0.00000000e+00
  0.00000000e+00 0.00000000e+00 0.00000000e+00 0.00000000e+00
  1.45708583e-01 1.00000000e+00]]
