matrix:[[1. 0. 0. ... 0. 0. 0.]
 [0. 1. 0. ... 0. 0. 0.]
 [0. 0. 1. ... 0. 0. 0.]
 ...
 [0. 0. 0. ... 1. 0. 0.]
 [0. 0. 0. ... 0. 1. 0.]
 [0. 0. 0. ... 0. 0. 1.]]
matrix:[[1.00000000e+00 0.00000000e+00 1.14090131e-03 ... 0.00000000e+00
  0.00000000e+00 0.00000000e+00]
 [0.00000000e+00 1.00000000e+00 5.70450656e-04 ... 0.00000000e+00
  0.00000000e+00 0.00000000e+00]
 [0.00000000e+00 0.00000000e+00 9.60068454e-01 ... 0.00000000e+00
  0.00000000e+00 0.00000000e+00]
 ...
 [0.00000000e+00 0.00000000e+00 0.00000000e+00 ... 1.00000000e+00
  0.00000000e+00 0.00000000e+00]
 [0.00000000e+00 0.00000000e+00 1.71135197e-03 ... 0.00000000e+00
  9.96464349e-01 0.00000000e+00]
 [0.00000000e+00 0.00000000e+00 1.71135197e-03 ... 0.00000000e+00
  0.00000000e+00 1.00000000e+00]]
matrix:[[9.93634259e-01 0.00000000e+00 0.00000000e+00 ... 0.00000000e+00
  0.00000000e+00 0.00000000e+00]
 [0.00000000e+00 1.00000000e+00 0.00000000e+00 ... 0.00000000e+00
  0.00000000e+00 0.00000000e+00]
 [5.78703704e-04 0.00000000e+00 1.00000000e+00 ... 0.00000000e+00
  0.00000000e+00 0.00000000e+00]
 ...
 [0.00000000e+00 0.00000000e+00 0.00000000e+00 ... 1.00000000e+00
  5.71102227e-04 0.00000000e+00]
 [0.00000000e+00 0.00000000e+00 0.00000000e+00 ... 0.00000000e+00
  9.96573387e-01 0.00000000e+00]
 [5.78703704e-04 0.00000000e+00 0.00000000e+00 ... 0.00000000e+00
  0.00000000e+00 1.00000000e+00]]
matrix:[[9.39343350e-01 0.00000000e+00 0.00000000e+00 ... 0.00000000e+00
  0.00000000e+00 0.00000000e+00]
 [5.56483027e-04 9.71731449e-01 0.00000000e+00 ... 0.00000000e+00
  0.00000000e+00 0.00000000e+00]
 [5.56483027e-04 0.00000000e+00 5.02202643e-01 ... 0.00000000e+00
  0.00000000e+00 0.00000000e+00]
 ...
 [4.78575403e-02 0.00000000e+00 0.00000000e+00 ... 0.00000000e+00
  0.00000000e+00 0.00000000e+00]
 [0.00000000e+00 0.00000000e+00 0.00000000e+00 ... 0.00000000e+00
  9.97617630e-01 0.00000000e+00]
 [5.56483027e-04 0.00000000e+00 0.00000000e+00 ... 0.00000000e+00
  0.00000000e+00 9.99416229e-01]]
