matrix:[[9.68503937e-01 0.00000000e+00 0.00000000e+00 4.62171573e-01
  0.00000000e+00 0.00000000e+00 0.00000000e+00 0.00000000e+00
  0.00000000e+00 2.84575982e-03]
 [0.00000000e+00 1.00000000e+00 0.00000000e+00 0.00000000e+00
  0.00000000e+00 0.00000000e+00 0.00000000e+00 0.00000000e+00
  0.00000000e+00 2.84575982e-03]
 [0.00000000e+00 0.00000000e+00 1.00000000e+00 0.00000000e+00
  0.00000000e+00 8.76680304e-04 0.00000000e+00 0.00000000e+00
  0.00000000e+00 4.55321571e-03]
 [2.75590551e-02 0.00000000e+00 0.00000000e+00 5.37828427e-01
  0.00000000e+00 0.00000000e+00 0.00000000e+00 0.00000000e+00
  0.00000000e+00 1.13830393e-03]
 [0.00000000e+00 0.00000000e+00 0.00000000e+00 0.00000000e+00
  1.00000000e+00 0.00000000e+00 0.00000000e+00 0.00000000e+00
  0.00000000e+00 2.84575982e-03]
 [0.00000000e+00 0.00000000e+00 0.00000000e+00 0.00000000e+00
  0.00000000e+00 5.00000000e-01 0.00000000e+00 0.00000000e+00
  0.00000000e+00 3.41491178e-03]
 [0.00000000e+00 0.00000000e+00 0.00000000e+00 0.00000000e+00
  0.00000000e+00 0.00000000e+00 1.00000000e+00 0.00000000e+00
  0.00000000e+00 1.70745589e-03]
 [0.00000000e+00 0.00000000e+00 0.00000000e+00 0.00000000e+00
  0.00000000e+00 0.00000000e+00 0.00000000e+00 1.00000000e+00
  0.00000000e+00 5.69151964e-04]
 [3.93700787e-03 0.00000000e+00 0.00000000e+00 0.00000000e+00
  0.00000000e+00 4.99123320e-01 0.00000000e+00 0.00000000e+00
  0.00000000e+00 5.69151964e-03]
 [0.00000000e+00 0.00000000e+00 0.00000000e+00 0.00000000e+00
  0.00000000e+00 0.00000000e+00 0.00000000e+00 0.00000000e+00
  0.00000000e+00 9.74388162e-01]]
matrix:[[1.00000000e+00 0.00000000e+00 5.87544066e-04 0.00000000e+00
  0.00000000e+00 0.00000000e+00 0.00000000e+00 5.85137507e-04
  0.00000000e+00 1.76366843e-03]
 [0.00000000e+00 9.98253783e-01 2.93772033e-03 0.00000000e+00
  0.00000000e+00 0.00000000e+00 0.00000000e+00 0.00000000e+00
  0.00000000e+00 1.17577895e-03]
 [0.00000000e+00 0.00000000e+00 9.84136310e-01 0.00000000e+00
  0.00000000e+00 3.47624565e-03 0.00000000e+00 0.00000000e+00
  0.00000000e+00 2.35155791e-03]
 [0.00000000e+00 0.00000000e+00 1.76263220e-03 1.00000000e+00
  0.00000000e+00 0.00000000e+00 0.00000000e+00 0.00000000e+00
  0.00000000e+00 5.87889477e-04]
 [0.00000000e+00 0.00000000e+00 1.76263220e-03 0.00000000e+00
  1.00000000e+00 0.00000000e+00 0.00000000e+00 0.00000000e+00
  0.00000000e+00 2.35155791e-03]
 [0.00000000e+00 0.00000000e+00 0.00000000e+00 0.00000000e+00
  0.00000000e+00 9.96523754e-01 0.00000000e+00 5.85137507e-04
  0.00000000e+00 1.76366843e-03]
 [0.00000000e+00 5.82072177e-04 2.35017626e-03 0.00000000e+00
  0.00000000e+00 0.00000000e+00 9.99412456e-01 5.85137507e-04
  0.00000000e+00 0.00000000e+00]
 [0.00000000e+00 1.16414435e-03 1.17508813e-03 0.00000000e+00
  0.00000000e+00 0.00000000e+00 5.87544066e-04 9.98244587e-01
  0.00000000e+00 0.00000000e+00]
 [0.00000000e+00 0.00000000e+00 1.76263220e-03 0.00000000e+00
  0.00000000e+00 0.00000000e+00 0.00000000e+00 0.00000000e+00
  1.00000000e+00 1.17577895e-03]
 [0.00000000e+00 0.00000000e+00 3.52526439e-03 0.00000000e+00
  0.00000000e+00 0.00000000e+00 0.00000000e+00 0.00000000e+00
  0.00000000e+00 9.88830100e-01]]
matrix:[[9.98817967e-01 0.00000000e+00 0.00000000e+00 2.89519398e-03
  0.00000000e+00 0.00000000e+00 2.69832704e-03 0.00000000e+00
  0.00000000e+00 0.00000000e+00]
 [0.00000000e+00 9.98818665e-01 0.00000000e+00 2.31615518e-03
  0.00000000e+00 0.00000000e+00 1.61899622e-03 0.00000000e+00
  0.00000000e+00 0.00000000e+00]
 [0.00000000e+00 0.00000000e+00 1.00000000e+00 1.15807759e-03
  6.05326877e-04 0.00000000e+00 3.23799244e-03 0.00000000e+00
  0.00000000e+00 0.00000000e+00]
 [0.00000000e+00 0.00000000e+00 0.00000000e+00 9.80891720e-01
  0.00000000e+00 0.00000000e+00 5.39665407e-04 0.00000000e+00
  0.00000000e+00 0.00000000e+00]
 [0.00000000e+00 0.00000000e+00 0.00000000e+00 1.15807759e-03
  9.99394673e-01 0.00000000e+00 2.15866163e-03 0.00000000e+00
  0.00000000e+00 0.00000000e+00]
 [5.91016548e-04 0.00000000e+00 0.00000000e+00 3.47423277e-03
  0.00000000e+00 1.00000000e+00 2.69832704e-03 0.00000000e+00
  0.00000000e+00 0.00000000e+00]
 [0.00000000e+00 0.00000000e+00 0.00000000e+00 2.31615518e-03
  0.00000000e+00 0.00000000e+00 9.81111711e-01 0.00000000e+00
  0.00000000e+00 0.00000000e+00]
 [0.00000000e+00 1.18133491e-03 0.00000000e+00 2.89519398e-03
  0.00000000e+00 0.00000000e+00 1.61899622e-03 1.00000000e+00
  0.00000000e+00 0.00000000e+00]
 [5.91016548e-04 0.00000000e+00 0.00000000e+00 1.15807759e-03
  0.00000000e+00 0.00000000e+00 3.23799244e-03 0.00000000e+00
  1.00000000e+00 0.00000000e+00]
 [0.00000000e+00 0.00000000e+00 0.00000000e+00 1.73711639e-03
  0.00000000e+00 0.00000000e+00 1.07933081e-03 0.00000000e+00
  0.00000000e+00 1.00000000e+00]]
matrix:[[9.88972722e-01 0.00000000e+00 0.00000000e+00 0.00000000e+00
  0.00000000e+00 1.18659152e-03 0.00000000e+00 0.00000000e+00
  0.00000000e+00 0.00000000e+00]
 [1.16076611e-03 1.00000000e+00 0.00000000e+00 0.00000000e+00
  0.00000000e+00 1.48323939e-03 0.00000000e+00 0.00000000e+00
  0.00000000e+00 0.00000000e+00]
 [1.74114916e-03 0.00000000e+00 1.00000000e+00 0.00000000e+00
  0.00000000e+00 2.37318303e-03 0.00000000e+00 1.97516930e-02
  0.00000000e+00 0.00000000e+00]
 [2.90191526e-03 0.00000000e+00 0.00000000e+00 1.00000000e+00
  0.00000000e+00 2.96647879e-04 0.00000000e+00 0.00000000e+00
  0.00000000e+00 0.00000000e+00]
 [0.00000000e+00 0.00000000e+00 0.00000000e+00 0.00000000e+00
  0.00000000e+00 1.48323939e-03 0.00000000e+00 5.64334086e-04
  5.07001167e-01 0.00000000e+00]
 [1.16076611e-03 0.00000000e+00 0.00000000e+00 0.00000000e+00
  0.00000000e+00 4.97478493e-01 0.00000000e+00 0.00000000e+00
  0.00000000e+00 0.00000000e+00]
 [0.00000000e+00 0.00000000e+00 0.00000000e+00 0.00000000e+00
  0.00000000e+00 1.18659152e-03 1.00000000e+00 0.00000000e+00
  0.00000000e+00 0.00000000e+00]
 [0.00000000e+00 0.00000000e+00 0.00000000e+00 0.00000000e+00
  0.00000000e+00 1.18659152e-03 0.00000000e+00 9.79683973e-01
  0.00000000e+00 0.00000000e+00]
 [1.16076611e-03 0.00000000e+00 0.00000000e+00 0.00000000e+00
  0.00000000e+00 1.18659152e-03 0.00000000e+00 0.00000000e+00
  4.92998833e-01 0.00000000e+00]
 [2.90191526e-03 0.00000000e+00 0.00000000e+00 0.00000000e+00
  0.00000000e+00 4.92138831e-01 0.00000000e+00 0.00000000e+00
  0.00000000e+00 0.00000000e+00]]
matrix:[[1.00000000e+00 0.00000000e+00 5.99161174e-04 0.00000000e+00
  0.00000000e+00 0.00000000e+00 0.00000000e+00 5.86510264e-04
  0.00000000e+00 5.77700751e-04]
 [0.00000000e+00 1.00000000e+00 5.99161174e-04 0.00000000e+00
  0.00000000e+00 0.00000000e+00 0.00000000e+00 2.34604106e-03
  5.90318772e-04 5.77700751e-04]
 [0.00000000e+00 0.00000000e+00 9.97004194e-01 0.00000000e+00
  0.00000000e+00 1.77200236e-03 0.00000000e+00 2.34604106e-03
  5.90318772e-04 1.73310225e-03]
 [0.00000000e+00 0.00000000e+00 0.00000000e+00 1.00000000e+00
  0.00000000e+00 0.00000000e+00 0.00000000e+00 2.34604106e-03
  0.00000000e+00 1.73310225e-03]
 [0.00000000e+00 0.00000000e+00 0.00000000e+00 0.00000000e+00
  9.98807394e-01 0.00000000e+00 0.00000000e+00 1.17302053e-03
  0.00000000e+00 5.77700751e-04]
 [0.00000000e+00 0.00000000e+00 5.99161174e-04 0.00000000e+00
  0.00000000e+00 9.98227998e-01 0.00000000e+00 2.34604106e-03
  1.77095632e-03 1.73310225e-03]
 [0.00000000e+00 0.00000000e+00 0.00000000e+00 0.00000000e+00
  5.96302922e-04 0.00000000e+00 1.00000000e+00 2.34604106e-03
  0.00000000e+00 0.00000000e+00]
 [0.00000000e+00 0.00000000e+00 0.00000000e+00 0.00000000e+00
  5.96302922e-04 0.00000000e+00 0.00000000e+00 9.82404692e-01
  5.90318772e-04 0.00000000e+00]
 [0.00000000e+00 0.00000000e+00 5.99161174e-04 0.00000000e+00
  0.00000000e+00 0.00000000e+00 0.00000000e+00 1.75953079e-03
  9.95867769e-01 5.77700751e-04]
 [0.00000000e+00 0.00000000e+00 5.99161174e-04 0.00000000e+00
  0.00000000e+00 0.00000000e+00 0.00000000e+00 2.34604106e-03
  5.90318772e-04 9.92489890e-01]]
matrix:[[1.00000000e+00 0.00000000e+00 0.00000000e+00 0.00000000e+00
  2.83446712e-03 0.00000000e+00 0.00000000e+00 0.00000000e+00
  0.00000000e+00 0.00000000e+00]
 [0.00000000e+00 1.00000000e+00 0.00000000e+00 0.00000000e+00
  4.53514739e-03 0.00000000e+00 0.00000000e+00 0.00000000e+00
  0.00000000e+00 0.00000000e+00]
 [0.00000000e+00 0.00000000e+00 1.00000000e+00 0.00000000e+00
  3.96825397e-03 4.00160064e-04 0.00000000e+00 0.00000000e+00
  0.00000000e+00 0.00000000e+00]
 [0.00000000e+00 0.00000000e+00 0.00000000e+00 1.00000000e+00
  3.96825397e-03 0.00000000e+00 0.00000000e+00 0.00000000e+00
  0.00000000e+00 0.00000000e+00]
 [0.00000000e+00 0.00000000e+00 0.00000000e+00 0.00000000e+00
  9.67120181e-01 0.00000000e+00 0.00000000e+00 0.00000000e+00
  0.00000000e+00 0.00000000e+00]
 [0.00000000e+00 0.00000000e+00 0.00000000e+00 0.00000000e+00
  3.96825397e-03 3.38735494e-01 0.00000000e+00 0.00000000e+00
  0.00000000e+00 0.00000000e+00]
 [0.00000000e+00 0.00000000e+00 0.00000000e+00 0.00000000e+00
  2.26757370e-03 0.00000000e+00 1.00000000e+00 0.00000000e+00
  0.00000000e+00 0.00000000e+00]
 [0.00000000e+00 0.00000000e+00 0.00000000e+00 0.00000000e+00
  1.13378685e-03 0.00000000e+00 0.00000000e+00 1.00000000e+00
  0.00000000e+00 0.00000000e+00]
 [0.00000000e+00 0.00000000e+00 0.00000000e+00 0.00000000e+00
  3.40136054e-03 3.29531813e-01 0.00000000e+00 0.00000000e+00
  0.00000000e+00 0.00000000e+00]
 [0.00000000e+00 0.00000000e+00 0.00000000e+00 0.00000000e+00
  6.80272109e-03 3.31332533e-01 0.00000000e+00 0.00000000e+00
  0.00000000e+00 0.00000000e+00]]
matrix:[[0.00000000e+00 3.25352385e-01 0.00000000e+00 0.00000000e+00
  0.00000000e+00 0.00000000e+00 1.75131349e-03 0.00000000e+00
  0.00000000e+00 0.00000000e+00]
 [0.00000000e+00 3.40606295e-01 0.00000000e+00 0.00000000e+00
  0.00000000e+00 0.00000000e+00 2.91885581e-03 0.00000000e+00
  0.00000000e+00 0.00000000e+00]
 [3.33333333e-01 5.79262406e-04 9.96439169e-01 0.00000000e+00
  0.00000000e+00 1.62206002e-04 3.50262697e-03 0.00000000e+00
  0.00000000e+00 0.00000000e+00]
 [0.00000000e+00 3.29986484e-01 0.00000000e+00 0.00000000e+00
  0.00000000e+00 0.00000000e+00 1.75131349e-03 0.00000000e+00
  0.00000000e+00 0.00000000e+00]
 [0.00000000e+00 1.93087469e-04 3.56083086e-03 0.00000000e+00
  2.84955752e-01 2.46715328e-01 1.75131349e-03 0.00000000e+00
  0.00000000e+00 0.00000000e+00]
 [3.33333333e-01 9.65437343e-04 0.00000000e+00 0.00000000e+00
  2.65486726e-01 2.51094891e-01 1.75131349e-03 0.00000000e+00
  0.00000000e+00 0.00000000e+00]
 [0.00000000e+00 0.00000000e+00 0.00000000e+00 0.00000000e+00
  0.00000000e+00 0.00000000e+00 9.81903094e-01 0.00000000e+00
  0.00000000e+00 0.00000000e+00]
 [0.00000000e+00 1.93087469e-04 0.00000000e+00 0.00000000e+00
  0.00000000e+00 0.00000000e+00 2.33508465e-03 1.00000000e+00
  0.00000000e+00 0.00000000e+00]
 [3.33333333e-01 1.54469975e-03 0.00000000e+00 0.00000000e+00
  2.31858407e-01 2.53203569e-01 1.16754232e-03 0.00000000e+00
  0.00000000e+00 0.00000000e+00]
 [0.00000000e+00 5.79262406e-04 0.00000000e+00 0.00000000e+00
  2.17699115e-01 2.48824006e-01 1.16754232e-03 0.00000000e+00
  0.00000000e+00 0.00000000e+00]]
matrix:[[1.00000000e+00 0.00000000e+00 3.36134454e-03 0.00000000e+00
  0.00000000e+00 0.00000000e+00 0.00000000e+00 0.00000000e+00
  0.00000000e+00 0.00000000e+00]
 [0.00000000e+00 1.00000000e+00 3.36134454e-03 0.00000000e+00
  0.00000000e+00 0.00000000e+00 0.00000000e+00 0.00000000e+00
  5.92066311e-04 0.00000000e+00]
 [0.00000000e+00 0.00000000e+00 9.71428571e-01 0.00000000e+00
  0.00000000e+00 0.00000000e+00 0.00000000e+00 0.00000000e+00
  0.00000000e+00 1.78147268e-03]
 [0.00000000e+00 0.00000000e+00 5.60224090e-03 1.00000000e+00
  0.00000000e+00 0.00000000e+00 0.00000000e+00 0.00000000e+00
  5.92066311e-04 0.00000000e+00]
 [0.00000000e+00 0.00000000e+00 1.68067227e-03 0.00000000e+00
  1.00000000e+00 1.18623962e-03 2.29621125e-03 0.00000000e+00
  0.00000000e+00 0.00000000e+00]
 [0.00000000e+00 0.00000000e+00 3.36134454e-03 0.00000000e+00
  0.00000000e+00 9.98813760e-01 0.00000000e+00 0.00000000e+00
  5.92066311e-04 0.00000000e+00]
 [0.00000000e+00 0.00000000e+00 1.68067227e-03 0.00000000e+00
  0.00000000e+00 0.00000000e+00 9.97703789e-01 0.00000000e+00
  0.00000000e+00 0.00000000e+00]
 [0.00000000e+00 0.00000000e+00 1.12044818e-03 0.00000000e+00
  0.00000000e+00 0.00000000e+00 0.00000000e+00 1.00000000e+00
  0.00000000e+00 0.00000000e+00]
 [0.00000000e+00 0.00000000e+00 2.24089636e-03 0.00000000e+00
  0.00000000e+00 0.00000000e+00 0.00000000e+00 0.00000000e+00
  9.98223801e-01 0.00000000e+00]
 [0.00000000e+00 0.00000000e+00 6.16246499e-03 0.00000000e+00
  0.00000000e+00 0.00000000e+00 0.00000000e+00 0.00000000e+00
  0.00000000e+00 9.98218527e-01]]
matrix:[[1.00000000e+00 2.35155791e-03 0.00000000e+00 0.00000000e+00
  0.00000000e+00 0.00000000e+00 5.69476082e-04 0.00000000e+00
  1.77935943e-03 0.00000000e+00]
 [0.00000000e+00 9.83539095e-01 0.00000000e+00 0.00000000e+00
  0.00000000e+00 0.00000000e+00 5.69476082e-04 0.00000000e+00
  2.96559905e-03 0.00000000e+00]
 [0.00000000e+00 2.93944738e-03 1.00000000e+00 0.00000000e+00
  0.00000000e+00 0.00000000e+00 5.69476082e-04 5.85823081e-04
  4.15183867e-03 0.00000000e+00]
 [0.00000000e+00 5.87889477e-04 0.00000000e+00 1.00000000e+00
  0.00000000e+00 0.00000000e+00 0.00000000e+00 0.00000000e+00
  1.77935943e-03 0.00000000e+00]
 [0.00000000e+00 2.35155791e-03 0.00000000e+00 0.00000000e+00
  9.98839907e-01 0.00000000e+00 0.00000000e+00 0.00000000e+00
  0.00000000e+00 0.00000000e+00]
 [0.00000000e+00 3.52733686e-03 0.00000000e+00 0.00000000e+00
  0.00000000e+00 9.99404407e-01 0.00000000e+00 0.00000000e+00
  1.77935943e-03 0.00000000e+00]
 [0.00000000e+00 0.00000000e+00 0.00000000e+00 0.00000000e+00
  0.00000000e+00 0.00000000e+00 9.97722096e-01 0.00000000e+00
  0.00000000e+00 0.00000000e+00]
 [0.00000000e+00 1.76366843e-03 0.00000000e+00 0.00000000e+00
  0.00000000e+00 5.95592615e-04 5.69476082e-04 9.99414177e-01
  0.00000000e+00 0.00000000e+00]
 [0.00000000e+00 1.76366843e-03 0.00000000e+00 0.00000000e+00
  5.80046404e-04 0.00000000e+00 0.00000000e+00 0.00000000e+00
  9.85765125e-01 0.00000000e+00]
 [0.00000000e+00 1.17577895e-03 0.00000000e+00 0.00000000e+00
  5.80046404e-04 0.00000000e+00 0.00000000e+00 0.00000000e+00
  1.77935943e-03 1.00000000e+00]]
matrix:[[9.99407934e-01 5.66251416e-04 0.00000000e+00 0.00000000e+00
  0.00000000e+00 0.00000000e+00 1.18273211e-03 1.71428571e-03
  0.00000000e+00 0.00000000e+00]
 [0.00000000e+00 9.90939977e-01 0.00000000e+00 0.00000000e+00
  0.00000000e+00 0.00000000e+00 1.18273211e-03 2.85714286e-03
  0.00000000e+00 0.00000000e+00]
 [0.00000000e+00 1.13250283e-03 9.98772253e-01 0.00000000e+00
  0.00000000e+00 3.46820809e-03 1.77409817e-03 1.14285714e-03
  0.00000000e+00 0.00000000e+00]
 [0.00000000e+00 2.26500566e-03 0.00000000e+00 1.00000000e+00
  0.00000000e+00 0.00000000e+00 0.00000000e+00 1.71428571e-03
  0.00000000e+00 0.00000000e+00]
 [0.00000000e+00 1.13250283e-03 0.00000000e+00 0.00000000e+00
  1.00000000e+00 0.00000000e+00 1.18273211e-03 1.14285714e-03
  0.00000000e+00 0.00000000e+00]
 [0.00000000e+00 5.66251416e-04 0.00000000e+00 0.00000000e+00
  0.00000000e+00 9.96531792e-01 1.18273211e-03 2.85714286e-03
  0.00000000e+00 0.00000000e+00]
 [0.00000000e+00 5.66251416e-04 6.13873542e-04 0.00000000e+00
  0.00000000e+00 0.00000000e+00 9.89946777e-01 0.00000000e+00
  0.00000000e+00 0.00000000e+00]
 [0.00000000e+00 5.66251416e-04 6.13873542e-04 0.00000000e+00
  0.00000000e+00 0.00000000e+00 5.91366056e-04 9.85142857e-01
  0.00000000e+00 0.00000000e+00]
 [0.00000000e+00 1.13250283e-03 0.00000000e+00 0.00000000e+00
  0.00000000e+00 0.00000000e+00 1.77409817e-03 2.85714286e-03
  1.00000000e+00 0.00000000e+00]
 [5.92066311e-04 1.13250283e-03 0.00000000e+00 0.00000000e+00
  0.00000000e+00 0.00000000e+00 1.18273211e-03 5.71428571e-04
  0.00000000e+00 1.00000000e+00]]
