matrix:[[0.         0.         0.         0.         0.09788235 0.
  0.         0.         0.         0.        ]
 [0.         0.         0.         0.         0.10070588 0.
  0.         0.         0.         0.        ]
 [0.         0.         0.         0.         0.10064706 0.
  0.         0.         0.         0.        ]
 [0.         0.         0.         0.         0.09717647 0.
  0.         0.         0.         0.        ]
 [0.         0.         0.         0.         0.09852941 0.
  0.         0.         0.         0.        ]
 [0.         0.         0.         0.         0.09823529 0.
  0.         0.         0.         0.        ]
 [0.         0.         0.         0.         0.10376471 0.
  0.         0.         0.         0.        ]
 [0.         0.         0.         0.         0.10058824 0.
  0.         0.         0.         0.        ]
 [0.         0.         0.         0.         0.10294118 0.
  0.         0.         0.         0.        ]
 [0.         0.         0.         0.         0.09952941 0.
  0.         0.         0.         0.        ]]
matrix:[[0.         0.         0.         0.         0.         0.
  0.         0.         0.10176471 0.        ]
 [0.         0.         0.         0.         0.         0.
  0.         0.         0.09741176 0.        ]
 [0.         0.         0.         0.         0.         0.
  0.         0.         0.10052941 0.        ]
 [0.         0.         0.         0.         0.         0.
  0.         0.         0.09994118 0.        ]
 [0.         0.         0.         0.         0.         0.
  0.         0.         0.09917647 0.        ]
 [0.         0.         0.         0.         0.         0.
  0.         0.         0.09811765 0.        ]
 [0.         0.         0.         0.         0.         0.
  0.         0.         0.10105882 0.        ]
 [0.         0.         0.         0.         0.         0.
  0.         0.         0.10152941 0.        ]
 [0.         0.         0.         0.         0.         0.
  0.         0.         0.09964706 0.        ]
 [0.         0.         0.         0.         0.         0.
  0.         0.         0.10082353 0.        ]]
matrix:[[0.         0.         0.         0.         0.10347059 0.
  0.         0.         0.         0.        ]
 [0.         0.         0.         0.         0.09876471 0.
  0.         0.         0.         0.        ]
 [0.         0.         0.         0.         0.10041176 0.
  0.         0.         0.         0.        ]
 [0.         0.         0.         0.         0.10141176 0.
  0.         0.         0.         0.        ]
 [0.         0.         0.         0.         0.09923529 0.
  0.         0.         0.         0.        ]
 [0.         0.         0.         0.         0.10229412 0.
  0.         0.         0.         0.        ]
 [0.         0.         0.         0.         0.09817647 0.
  0.         0.         0.         0.        ]
 [0.         0.         0.         0.         0.09588235 0.
  0.         0.         0.         0.        ]
 [0.         0.         0.         0.         0.09829412 0.
  0.         0.         0.         0.        ]
 [0.         0.         0.         0.         0.10205882 0.
  0.         0.         0.         0.        ]]
matrix:[[0.         0.         0.         0.         0.         0.
  0.10194118 0.         0.         0.        ]
 [0.         0.         0.         0.         0.         0.
  0.10041176 0.         0.         0.        ]
 [0.         0.         0.         0.         0.         0.
  0.10223529 0.         0.         0.        ]
 [0.         0.         0.         0.         0.         0.
  0.09970588 0.         0.         0.        ]
 [0.         0.         0.         0.         0.         0.
  0.09929412 0.         0.         0.        ]
 [0.         0.         0.         0.         0.         0.
  0.10494118 0.         0.         0.        ]
 [0.         0.         0.         0.         0.         0.
  0.09852941 0.         0.         0.        ]
 [0.         0.         0.         0.         0.         0.
  0.09794118 0.         0.         0.        ]
 [0.         0.         0.         0.         0.         0.
  0.09670588 0.         0.         0.        ]
 [0.         0.         0.         0.         0.         0.
  0.09829412 0.         0.         0.        ]]
matrix:[[0.         0.         0.         0.         0.         0.
  0.         0.         0.10070588 0.        ]
 [0.         0.         0.         0.         0.         0.
  0.         0.         0.09952941 0.        ]
 [0.         0.         0.         0.         0.         0.
  0.         0.         0.09876471 0.        ]
 [0.         0.         0.         0.         0.         0.
  0.         0.         0.10123529 0.        ]
 [0.         0.         0.         0.         0.         0.
  0.         0.         0.09788235 0.        ]
 [0.         0.         0.         0.         0.         0.
  0.         0.         0.10147059 0.        ]
 [0.         0.         0.         0.         0.         0.
  0.         0.         0.10170588 0.        ]
 [0.         0.         0.         0.         0.         0.
  0.         0.         0.10282353 0.        ]
 [0.         0.         0.         0.         0.         0.
  0.         0.         0.09711765 0.        ]
 [0.         0.         0.         0.         0.         0.
  0.         0.         0.09876471 0.        ]]
matrix:[[0.         0.         0.         0.         0.         0.10035294
  0.         0.         0.         0.        ]
 [0.         0.         0.         0.         0.         0.09841176
  0.         0.         0.         0.        ]
 [0.         0.         0.         0.         0.         0.09829412
  0.         0.         0.         0.        ]
 [0.         0.         0.         0.         0.         0.10035294
  0.         0.         0.         0.        ]
 [0.         0.         0.         0.         0.         0.09905882
  0.         0.         0.         0.        ]
 [0.         0.         0.         0.         0.         0.09858824
  0.         0.         0.         0.        ]
 [0.         0.         0.         0.         0.         0.09929412
  0.         0.         0.         0.        ]
 [0.         0.         0.         0.         0.         0.10170588
  0.         0.         0.         0.        ]
 [0.         0.         0.         0.         0.         0.101
  0.         0.         0.         0.        ]
 [0.         0.         0.         0.         0.         0.10294118
  0.         0.         0.         0.        ]]
matrix:[[0.10188235 0.         0.         0.         0.         0.
  0.         0.         0.         0.        ]
 [0.10064706 0.         0.         0.         0.         0.
  0.         0.         0.         0.        ]
 [0.09635294 0.         0.         0.         0.         0.
  0.         0.         0.         0.        ]
 [0.09964706 0.         0.         0.         0.         0.
  0.         0.         0.         0.        ]
 [0.10011765 0.         0.         0.         0.         0.
  0.         0.         0.         0.        ]
 [0.097      0.         0.         0.         0.         0.
  0.         0.         0.         0.        ]
 [0.10064706 0.         0.         0.         0.         0.
  0.         0.         0.         0.        ]
 [0.10152941 0.         0.         0.         0.         0.
  0.         0.         0.         0.        ]
 [0.10205882 0.         0.         0.         0.         0.
  0.         0.         0.         0.        ]
 [0.10011765 0.         0.         0.         0.         0.
  0.         0.         0.         0.        ]]
matrix:[[0.         0.         0.         0.         0.         0.
  0.         0.10152941 0.         0.        ]
 [0.         0.         0.         0.         0.         0.
  0.         0.10058824 0.         0.        ]
 [0.         0.         0.         0.         0.         0.
  0.         0.09682353 0.         0.        ]
 [0.         0.         0.         0.         0.         0.
  0.         0.10123529 0.         0.        ]
 [0.         0.         0.         0.         0.         0.
  0.         0.10011765 0.         0.        ]
 [0.         0.         0.         0.         0.         0.
  0.         0.10088235 0.         0.        ]
 [0.         0.         0.         0.         0.         0.
  0.         0.09876471 0.         0.        ]
 [0.         0.         0.         0.         0.         0.
  0.         0.099      0.         0.        ]
 [0.         0.         0.         0.         0.         0.
  0.         0.10058824 0.         0.        ]
 [0.         0.         0.         0.         0.         0.
  0.         0.10047059 0.         0.        ]]
matrix:[[0.         0.         0.         0.09841176 0.         0.
  0.         0.         0.         0.        ]
 [0.         0.         0.         0.09852941 0.         0.
  0.         0.         0.         0.        ]
 [0.         0.         0.         0.10258824 0.         0.
  0.         0.         0.         0.        ]
 [0.         0.         0.         0.09617647 0.         0.
  0.         0.         0.         0.        ]
 [0.         0.         0.         0.09976471 0.         0.
  0.         0.         0.         0.        ]
 [0.         0.         0.         0.09970588 0.         0.
  0.         0.         0.         0.        ]
 [0.         0.         0.         0.09882353 0.         0.
  0.         0.         0.         0.        ]
 [0.         0.         0.         0.10094118 0.         0.
  0.         0.         0.         0.        ]
 [0.         0.         0.         0.10605882 0.         0.
  0.         0.         0.         0.        ]
 [0.         0.         0.         0.099      0.         0.
  0.         0.         0.         0.        ]]
