matrix:[[0.01951765 0.         0.         ... 0.         0.         0.        ]
 [0.02024706 0.         0.         ... 0.         0.         0.        ]
 [0.0198     0.         0.         ... 0.         0.         0.        ]
 ...
 [0.01945882 0.         0.         ... 0.         0.         0.        ]
 [0.01998824 0.         0.         ... 0.         0.         0.        ]
 [0.01991765 0.         0.         ... 0.         0.         0.        ]]
matrix:[[0.02017647 0.         0.         ... 0.         0.         0.        ]
 [0.01989412 0.         0.         ... 0.         0.         0.        ]
 [0.02034118 0.         0.         ... 0.         0.         0.        ]
 ...
 [0.01951765 0.         0.         ... 0.         0.         0.        ]
 [0.02025882 0.         0.         ... 0.         0.         0.        ]
 [0.01983529 0.         0.         ... 0.         0.         0.        ]]
matrix:[[0.01885882 0.         0.         ... 0.         0.         0.        ]
 [0.02047059 0.         0.         ... 0.         0.         0.        ]
 [0.0204     0.         0.         ... 0.         0.         0.        ]
 ...
 [0.02022353 0.         0.         ... 0.         0.         0.        ]
 [0.02038824 0.         0.         ... 0.         0.         0.        ]
 [0.02087059 0.         0.         ... 0.         0.         0.        ]]
