matrix:[[0.         0.         0.         0.         0.09888235 0.
  0.         0.         0.         0.        ]
 [0.         0.         0.         0.         0.09864706 0.
  0.         0.         0.         0.        ]
 [0.         0.         0.         0.         0.10141176 0.
  0.         0.         0.         0.        ]
 [0.         0.         0.         0.         0.09976471 0.
  0.         0.         0.         0.        ]
 [0.         0.         0.         0.         0.10194118 0.
  0.         0.         0.         0.        ]
 [0.         0.         0.         0.         0.10317647 0.
  0.         0.         0.         0.        ]
 [0.         0.         0.         0.         0.10082353 0.
  0.         0.         0.         0.        ]
 [0.         0.         0.         0.         0.09958824 0.
  0.         0.         0.         0.        ]
 [0.         0.         0.         0.         0.09811765 0.
  0.         0.         0.         0.        ]
 [0.         0.         0.         0.         0.09764706 0.
  0.         0.         0.         0.        ]]
matrix:[[0.         0.         0.10276471 0.         0.         0.
  0.         0.         0.         0.        ]
 [0.         0.         0.10188235 0.         0.         0.
  0.         0.         0.         0.        ]
 [0.         0.         0.09958824 0.         0.         0.
  0.         0.         0.         0.        ]
 [0.         0.         0.10211765 0.         0.         0.
  0.         0.         0.         0.        ]
 [0.         0.         0.10270588 0.         0.         0.
  0.         0.         0.         0.        ]
 [0.         0.         0.10047059 0.         0.         0.
  0.         0.         0.         0.        ]
 [0.         0.         0.096      0.         0.         0.
  0.         0.         0.         0.        ]
 [0.         0.         0.09588235 0.         0.         0.
  0.         0.         0.         0.        ]
 [0.         0.         0.09988235 0.         0.         0.
  0.         0.         0.         0.        ]
 [0.         0.         0.09870588 0.         0.         0.
  0.         0.         0.         0.        ]]
matrix:[[0.         0.         0.         0.         0.         0.
  0.         0.10023529 0.         0.        ]
 [0.         0.         0.         0.         0.         0.
  0.         0.102      0.         0.        ]
 [0.         0.         0.         0.         0.         0.
  0.         0.10070588 0.         0.        ]
 [0.         0.         0.         0.         0.         0.
  0.         0.10064706 0.         0.        ]
 [0.         0.         0.         0.         0.         0.
  0.         0.10205882 0.         0.        ]
 [0.         0.         0.         0.         0.         0.
  0.         0.09888235 0.         0.        ]
 [0.         0.         0.         0.         0.         0.
  0.         0.09841176 0.         0.        ]
 [0.         0.         0.         0.         0.         0.
  0.         0.09941176 0.         0.        ]
 [0.         0.         0.         0.         0.         0.
  0.         0.09817647 0.         0.        ]
 [0.         0.         0.         0.         0.         0.
  0.         0.09947059 0.         0.        ]]
matrix:[[0.         0.         0.10117647 0.         0.         0.
  0.         0.         0.         0.        ]
 [0.         0.         0.09952941 0.         0.         0.
  0.         0.         0.         0.        ]
 [0.         0.         0.10023529 0.         0.         0.
  0.         0.         0.         0.        ]
 [0.         0.         0.10170588 0.         0.         0.
  0.         0.         0.         0.        ]
 [0.         0.         0.09970588 0.         0.         0.
  0.         0.         0.         0.        ]
 [0.         0.         0.09876471 0.         0.         0.
  0.         0.         0.         0.        ]
 [0.         0.         0.09611765 0.         0.         0.
  0.         0.         0.         0.        ]
 [0.         0.         0.10211765 0.         0.         0.
  0.         0.         0.         0.        ]
 [0.         0.         0.10211765 0.         0.         0.
  0.         0.         0.         0.        ]
 [0.         0.         0.09852941 0.         0.         0.
  0.         0.         0.         0.        ]]
matrix:[[0.09888235 0.         0.         0.         0.         0.
  0.         0.         0.         0.        ]
 [0.09976471 0.         0.         0.         0.         0.
  0.         0.         0.         0.        ]
 [0.10117647 0.         0.         0.         0.         0.
  0.         0.         0.         0.        ]
 [0.10058824 0.         0.         0.         0.         0.
  0.         0.         0.         0.        ]
 [0.09988235 0.         0.         0.         0.         0.
  0.         0.         0.         0.        ]
 [0.09923529 0.         0.         0.         0.         0.
  0.         0.         0.         0.        ]
 [0.10135294 0.         0.         0.         0.         0.
  0.         0.         0.         0.        ]
 [0.09688235 0.         0.         0.         0.         0.
  0.         0.         0.         0.        ]
 [0.10058824 0.         0.         0.         0.         0.
  0.         0.         0.         0.        ]
 [0.10164706 0.         0.         0.         0.         0.
  0.         0.         0.         0.        ]]
matrix:[[0.         0.         0.         0.         0.         0.
  0.         0.         0.         0.09917647]
 [0.         0.         0.         0.         0.         0.
  0.         0.         0.         0.09858824]
 [0.         0.         0.         0.         0.         0.
  0.         0.         0.         0.09764706]
 [0.         0.         0.         0.         0.         0.
  0.         0.         0.         0.10105882]
 [0.         0.         0.         0.         0.         0.
  0.         0.         0.         0.10123529]
 [0.         0.         0.         0.         0.         0.
  0.         0.         0.         0.1       ]
 [0.         0.         0.         0.         0.         0.
  0.         0.         0.         0.10047059]
 [0.         0.         0.         0.         0.         0.
  0.         0.         0.         0.10017647]
 [0.         0.         0.         0.         0.         0.
  0.         0.         0.         0.10205882]
 [0.         0.         0.         0.         0.         0.
  0.         0.         0.         0.09958824]]
matrix:[[0.         0.         0.         0.         0.         0.
  0.         0.10017647 0.         0.        ]
 [0.         0.         0.         0.         0.         0.
  0.         0.09605882 0.         0.        ]
 [0.         0.         0.         0.         0.         0.
  0.         0.09758824 0.         0.        ]
 [0.         0.         0.         0.         0.         0.
  0.         0.09847059 0.         0.        ]
 [0.         0.         0.         0.         0.         0.
  0.         0.10252941 0.         0.        ]
 [0.         0.         0.         0.         0.         0.
  0.         0.09964706 0.         0.        ]
 [0.         0.         0.         0.         0.         0.
  0.         0.098      0.         0.        ]
 [0.         0.         0.         0.         0.         0.
  0.         0.10311765 0.         0.        ]
 [0.         0.         0.         0.         0.         0.
  0.         0.10152941 0.         0.        ]
 [0.         0.         0.         0.         0.         0.
  0.         0.10288235 0.         0.        ]]
