matrix:[[0.00000000e+00 0.00000000e+00 1.12296463e-03 2.93587174e-01
  6.04229607e-04 0.00000000e+00 2.10172228e-01 5.77034045e-04
  0.00000000e+00 0.00000000e+00]
 [8.33333333e-02 9.96499417e-01 1.12296463e-03 2.00400802e-03
  0.00000000e+00 5.88235294e-04 0.00000000e+00 0.00000000e+00
  0.00000000e+00 0.00000000e+00]
 [0.00000000e+00 0.00000000e+00 9.51712521e-01 2.33800935e-03
  6.04229607e-04 1.17647059e-03 0.00000000e+00 0.00000000e+00
  0.00000000e+00 0.00000000e+00]
 [8.33333333e-02 0.00000000e+00 5.61482313e-04 5.63126253e-01
  0.00000000e+00 0.00000000e+00 0.00000000e+00 0.00000000e+00
  0.00000000e+00 0.00000000e+00]
 [8.33333333e-02 1.16686114e-03 1.12296463e-03 0.00000000e+00
  9.97583082e-01 5.88235294e-04 0.00000000e+00 5.77034045e-04
  0.00000000e+00 0.00000000e+00]
 [2.50000000e-01 0.00000000e+00 1.12296463e-03 1.00200401e-03
  0.00000000e+00 9.97058824e-01 0.00000000e+00 0.00000000e+00
  0.00000000e+00 0.00000000e+00]
 [0.00000000e+00 5.83430572e-04 5.61482313e-04 0.00000000e+00
  0.00000000e+00 0.00000000e+00 4.49677072e-01 0.00000000e+00
  0.00000000e+00 0.00000000e+00]
 [1.66666667e-01 1.75029172e-03 5.61482313e-04 3.34001336e-04
  0.00000000e+00 0.00000000e+00 0.00000000e+00 9.97691864e-01
  0.00000000e+00 0.00000000e+00]
 [8.33333333e-02 0.00000000e+00 1.68444694e-03 1.33600534e-03
  0.00000000e+00 0.00000000e+00 0.00000000e+00 5.77034045e-04
  1.00000000e+00 0.00000000e+00]
 [2.50000000e-01 0.00000000e+00 4.04267266e-02 1.36272545e-01
  1.20845921e-03 5.88235294e-04 3.40150700e-01 5.77034045e-04
  0.00000000e+00 0.00000000e+00]]
