matrix:[[0.         0.10170588 0.         0.         0.         0.
  0.         0.         0.         0.        ]
 [0.         0.09858824 0.         0.         0.         0.
  0.         0.         0.         0.        ]
 [0.         0.09852941 0.         0.         0.         0.
  0.         0.         0.         0.        ]
 [0.         0.10229412 0.         0.         0.         0.
  0.         0.         0.         0.        ]
 [0.         0.10005882 0.         0.         0.         0.
  0.         0.         0.         0.        ]
 [0.         0.10211765 0.         0.         0.         0.
  0.         0.         0.         0.        ]
 [0.         0.09958824 0.         0.         0.         0.
  0.         0.         0.         0.        ]
 [0.         0.10105882 0.         0.         0.         0.
  0.         0.         0.         0.        ]
 [0.         0.09747059 0.         0.         0.         0.
  0.         0.         0.         0.        ]
 [0.         0.09858824 0.         0.         0.         0.
  0.         0.         0.         0.        ]]
matrix:[[0.         0.         0.         0.         0.         0.10105882
  0.         0.         0.         0.        ]
 [0.         0.         0.         0.         0.         0.09941176
  0.         0.         0.         0.        ]
 [0.         0.         0.         0.         0.         0.09994118
  0.         0.         0.         0.        ]
 [0.         0.         0.         0.         0.         0.09652941
  0.         0.         0.         0.        ]
 [0.         0.         0.         0.         0.         0.10417647
  0.         0.         0.         0.        ]
 [0.         0.         0.         0.         0.         0.10035294
  0.         0.         0.         0.        ]
 [0.         0.         0.         0.         0.         0.09958824
  0.         0.         0.         0.        ]
 [0.         0.         0.         0.         0.         0.10370588
  0.         0.         0.         0.        ]
 [0.         0.         0.         0.         0.         0.09617647
  0.         0.         0.         0.        ]
 [0.         0.         0.         0.         0.         0.09905882
  0.         0.         0.         0.        ]]
matrix:[[0.         0.         0.09888235 0.         0.         0.
  0.         0.         0.         0.        ]
 [0.         0.         0.10011765 0.         0.         0.
  0.         0.         0.         0.        ]
 [0.         0.         0.09670588 0.         0.         0.
  0.         0.         0.         0.        ]
 [0.         0.         0.10011765 0.         0.         0.
  0.         0.         0.         0.        ]
 [0.         0.         0.10176471 0.         0.         0.
  0.         0.         0.         0.        ]
 [0.         0.         0.10070588 0.         0.         0.
  0.         0.         0.         0.        ]
 [0.         0.         0.09882353 0.         0.         0.
  0.         0.         0.         0.        ]
 [0.         0.         0.09988235 0.         0.         0.
  0.         0.         0.         0.        ]
 [0.         0.         0.10158824 0.         0.         0.
  0.         0.         0.         0.        ]
 [0.         0.         0.10141176 0.         0.         0.
  0.         0.         0.         0.        ]]
matrix:[[0.         0.         0.         0.         0.         0.
  0.         0.         0.098      0.        ]
 [0.         0.         0.         0.         0.         0.
  0.         0.         0.09964706 0.        ]
 [0.         0.         0.         0.         0.         0.
  0.         0.         0.09811765 0.        ]
 [0.         0.         0.         0.         0.         0.
  0.         0.         0.09894118 0.        ]
 [0.         0.         0.         0.         0.         0.
  0.         0.         0.10170588 0.        ]
 [0.         0.         0.         0.         0.         0.
  0.         0.         0.10188235 0.        ]
 [0.         0.         0.         0.         0.         0.
  0.         0.         0.09964706 0.        ]
 [0.         0.         0.         0.         0.         0.
  0.         0.         0.09947059 0.        ]
 [0.         0.         0.         0.         0.         0.
  0.         0.         0.10264706 0.        ]
 [0.         0.         0.         0.         0.         0.
  0.         0.         0.09994118 0.        ]]
matrix:[[0.         0.         0.         0.         0.         0.
  0.         0.         0.         0.10147059]
 [0.         0.         0.         0.         0.         0.
  0.         0.         0.         0.09594118]
 [0.         0.         0.         0.         0.         0.
  0.         0.         0.         0.10194118]
 [0.         0.         0.         0.         0.         0.
  0.         0.         0.         0.10011765]
 [0.         0.         0.         0.         0.         0.
  0.         0.         0.         0.09958824]
 [0.         0.         0.         0.         0.         0.
  0.         0.         0.         0.1       ]
 [0.         0.         0.         0.         0.         0.
  0.         0.         0.         0.10258824]
 [0.         0.         0.         0.         0.         0.
  0.         0.         0.         0.09870588]
 [0.         0.         0.         0.         0.         0.
  0.         0.         0.         0.09964706]
 [0.         0.         0.         0.         0.         0.
  0.         0.         0.         0.1       ]]
matrix:[[0.         0.         0.         0.         0.09976471 0.
  0.         0.         0.         0.        ]
 [0.         0.         0.         0.         0.10076471 0.
  0.         0.         0.         0.        ]
 [0.         0.         0.         0.         0.09864706 0.
  0.         0.         0.         0.        ]
 [0.         0.         0.         0.         0.09758824 0.
  0.         0.         0.         0.        ]
 [0.         0.         0.         0.         0.09847059 0.
  0.         0.         0.         0.        ]
 [0.         0.         0.         0.         0.099      0.
  0.         0.         0.         0.        ]
 [0.         0.         0.         0.         0.10417647 0.
  0.         0.         0.         0.        ]
 [0.         0.         0.         0.         0.10047059 0.
  0.         0.         0.         0.        ]
 [0.         0.         0.         0.         0.09952941 0.
  0.         0.         0.         0.        ]
 [0.         0.         0.         0.         0.10158824 0.
  0.         0.         0.         0.        ]]
matrix:[[0.         0.         0.         0.         0.         0.
  0.         0.09811765 0.         0.        ]
 [0.         0.         0.         0.         0.         0.
  0.         0.09941176 0.         0.        ]
 [0.         0.         0.         0.         0.         0.
  0.         0.09947059 0.         0.        ]
 [0.         0.         0.         0.         0.         0.
  0.         0.10141176 0.         0.        ]
 [0.         0.         0.         0.         0.         0.
  0.         0.09852941 0.         0.        ]
 [0.         0.         0.         0.         0.         0.
  0.         0.10194118 0.         0.        ]
 [0.         0.         0.         0.         0.         0.
  0.         0.10070588 0.         0.        ]
 [0.         0.         0.         0.         0.         0.
  0.         0.10088235 0.         0.        ]
 [0.         0.         0.         0.         0.         0.
  0.         0.09964706 0.         0.        ]
 [0.         0.         0.         0.         0.         0.
  0.         0.09988235 0.         0.        ]]
matrix:[[0.         0.         0.         0.         0.         0.
  0.09941176 0.         0.         0.        ]
 [0.         0.         0.         0.         0.         0.
  0.10182353 0.         0.         0.        ]
 [0.         0.         0.         0.         0.         0.
  0.09794118 0.         0.         0.        ]
 [0.         0.         0.         0.         0.         0.
  0.09988235 0.         0.         0.        ]
 [0.         0.         0.         0.         0.         0.
  0.10294118 0.         0.         0.        ]
 [0.         0.         0.         0.         0.         0.
  0.09982353 0.         0.         0.        ]
 [0.         0.         0.         0.         0.         0.
  0.09941176 0.         0.         0.        ]
 [0.         0.         0.         0.         0.         0.
  0.09988235 0.         0.         0.        ]
 [0.         0.         0.         0.         0.         0.
  0.10041176 0.         0.         0.        ]
 [0.         0.         0.         0.         0.         0.
  0.09847059 0.         0.         0.        ]]
matrix:[[0.         0.10311765 0.         0.         0.         0.
  0.         0.         0.         0.        ]
 [0.         0.10117647 0.         0.         0.         0.
  0.         0.         0.         0.        ]
 [0.         0.09805882 0.         0.         0.         0.
  0.         0.         0.         0.        ]
 [0.         0.10288235 0.         0.         0.         0.
  0.         0.         0.         0.        ]
 [0.         0.09905882 0.         0.         0.         0.
  0.         0.         0.         0.        ]
 [0.         0.10217647 0.         0.         0.         0.
  0.         0.         0.         0.        ]
 [0.         0.10088235 0.         0.         0.         0.
  0.         0.         0.         0.        ]
 [0.         0.09841176 0.         0.         0.         0.
  0.         0.         0.         0.        ]
 [0.         0.09635294 0.         0.         0.         0.
  0.         0.         0.         0.        ]
 [0.         0.09788235 0.         0.         0.         0.
  0.         0.         0.         0.        ]]
matrix:[[0.         0.         0.         0.         0.         0.10111765
  0.         0.         0.         0.        ]
 [0.         0.         0.         0.         0.         0.10264706
  0.         0.         0.         0.        ]
 [0.         0.         0.         0.         0.         0.09847059
  0.         0.         0.         0.        ]
 [0.         0.         0.         0.         0.         0.09935294
  0.         0.         0.         0.        ]
 [0.         0.         0.         0.         0.         0.09782353
  0.         0.         0.         0.        ]
 [0.         0.         0.         0.         0.         0.10229412
  0.         0.         0.         0.        ]
 [0.         0.         0.         0.         0.         0.09788235
  0.         0.         0.         0.        ]
 [0.         0.         0.         0.         0.         0.09888235
  0.         0.         0.         0.        ]
 [0.         0.         0.         0.         0.         0.10176471
  0.         0.         0.         0.        ]
 [0.         0.         0.         0.         0.         0.09976471
  0.         0.         0.         0.        ]]
