support:[1717 1648 1699 1723 1715 1729 1714 1640 1782 1729 1655 1711 1718 1710
 1690 1716 1690 1653 1708 1691 1709 1680 1735 1679 1617 1691 1684 1659
 1709 1716 1703 1689 1712 1716 1657 1727 1727 1689 1692 1731 1623 1735
 1785 1702 1720 1684 1676 1692 1752 1671]
support:[1695 1674 1671 1671 1701 1654 1765 1683 1727 1749 1758 1736 1743 1670
 1702 1695 1721 1727 1704 1701 1666 1674 1655 1670 1633 1696 1787 1702
 1694 1774 1754 1775 1702 1664 1688 1672 1736 1666 1755 1620 1703 1698
 1705 1667 1671 1698 1659 1709 1730 1630]
support:[1735 1723 1622 1713 1730 1767 1701 1668 1736 1743 1760 1732 1704 1723
 1695 1722 1736 1680 1606 1655 1708 1714 1708 1694 1648 1703 1725 1657
 1707 1662 1712 1686 1688 1659 1709 1717 1651 1711 1698 1665 1693 1719
 1686 1700 1757 1730 1717 1691 1685 1649]
support:[1706 1721 1733 1715 1693 1713 1699 1700 1706 1707 1647 1705 1689 1688
 1694 1706 1718 1692 1707 1685 1678 1738 1685 1707 1738 1697 1736 1708
 1732 1655 1657 1730 1706 1651 1630 1720 1618 1682 1677 1689 1711 1730
 1649 1732 1755 1737 1688 1768 1710 1662]
