support:[1636 1706 1736 1686 1662 1650 1745 1682 1630 1765 1671 1697 1712 1742
 1696 1707 1701 1700 1734 1701 1747 1649 1758 1702 1701 1647 1645 1700
 1757 1695 1722 1679 1703 1721 1716 1724 1665 1757 1672 1670 1672 1658
 1705 1721 1727 1719 1686 1706 1778 1639]
support:[1719 1691 1688 1742 1742 1696 1696 1699 1743 1662 1700 1719 1673 1716
 1747 1646 1711 1701 1631 1708 1694 1615 1693 1723 1646 1686 1731 1689
 1677 1703 1709 1689 1700 1668 1752 1726 1684 1662 1646 1712 1642 1702
 1736 1754 1732 1749 1703 1777 1697 1673]
support:[1726 1708 1699 1652 1702 1723 1656 1723 1637 1671 1764 1741 1735 1716
 1697 1729 1696 1705 1698 1625 1716 1679 1749 1691 1629 1705 1706 1674
 1711 1654 1670 1745 1717 1676 1669 1636 1678 1682 1693 1705 1686 1761
 1658 1739 1727 1683 1759 1701 1752 1746]
support:[1695 1740 1722 1657 1741 1695 1688 1666 1687 1699 1729 1715 1685 1755
 1727 1712 1653 1710 1631 1692 1687 1741 1668 1742 1710 1738 1694 1665
 1683 1757 1719 1647 1727 1713 1703 1704 1668 1707 1720 1679 1707 1751
 1725 1617 1672 1690 1710 1651 1685 1721]
