support:[1698 1684 1723 1726 1742 1660 1705 1673 1690 1687 1653 1638 1685 1705
 1741 1698 1728 1701 1692 1672 1710 1651 1714 1712 1729 1683 1759 1684
 1726 1732 1713 1649 1756 1701 1693 1686 1688 1666 1741 1704 1673 1698
 1736 1661 1762 1690 1667 1715 1712 1688]
support:[1673 1731 1655 1665 1691 1678 1760 1693 1670 1684 1706 1726 1676 1674
 1668 1658 1739 1746 1728 1691 1690 1711 1716 1647 1767 1640 1666 1771
 1739 1640 1633 1740 1735 1714 1730 1729 1620 1662 1732 1671 1679 1670
 1723 1734 1690 1811 1747 1626 1796 1659]
support:[1678 1718 1632 1661 1732 1706 1677 1692 1629 1735 1722 1686 1714 1692
 1720 1715 1720 1650 1699 1698 1776 1742 1687 1676 1698 1665 1719 1660
 1731 1708 1778 1745 1713 1681 1650 1674 1687 1733 1709 1711 1748 1691
 1715 1630 1722 1669 1706 1667 1711 1722]
support:[1702 1647 1700 1742 1678 1770 1660 1681 1701 1705 1652 1693 1721 1650
 1702 1635 1712 1680 1660 1696 1730 1763 1729 1725 1721 1656 1684 1714
 1656 1724 1698 1700 1702 1702 1736 1708 1734 1749 1699 1670 1752 1677
 1659 1682 1727 1741 1695 1693 1699 1688]
