support:[1608 1755 1712 1736 1652 1681 1702 1673 1700 1703 1744 1712 1651 1746
 1683 1710 1725 1736 1675 1669 1726 1678 1702 1799 1757 1641 1694 1675
 1690 1628 1684 1742 1736 1698 1692 1655 1666 1689 1727 1678 1675 1703
 1725 1717 1742 1713 1650 1673 1722 1750]
support:[1731 1693 1776 1694 1696 1653 1736 1666 1677 1662 1751 1708 1659 1638
 1688 1699 1686 1701 1681 1744 1629 1721 1739 1658 1680 1753 1737 1671
 1735 1669 1759 1692 1690 1679 1667 1719 1710 1655 1757 1693 1718 1685
 1749 1697 1675 1666 1712 1683 1687 1776]
support:[1750 1742 1659 1679 1712 1660 1731 1751 1698 1698 1703 1688 1638 1718
 1678 1713 1738 1687 1745 1728 1701 1727 1643 1653 1689 1670 1692 1687
 1672 1724 1719 1715 1732 1732 1686 1717 1709 1762 1632 1724 1686 1712
 1675 1653 1691 1681 1702 1725 1694 1679]
support:[1662 1747 1734 1707 1677 1679 1683 1647 1705 1664 1626 1637 1753 1684
 1740 1691 1668 1690 1707 1736 1730 1764 1697 1668 1780 1683 1691 1695
 1707 1709 1751 1705 1675 1652 1744 1709 1663 1711 1744 1722 1694 1721
 1662 1734 1661 1707 1711 1643 1713 1717]
support:[1651 1674 1736 1699 1759 1727 1765 1769 1685 1684 1684 1681 1742 1712
 1724 1715 1737 1707 1719 1643 1695 1661 1719 1704 1665 1645 1722 1727
 1666 1691 1656 1651 1690 1720 1701 1686 1716 1707 1626 1658 1764 1680
 1681 1731 1697 1702 1697 1690 1706 1733]
