support:[1690 1711 1682 1726 1746 1638 1707 1706 1658 1683 1675 1669 1708 1653
 1729 1672 1738 1701 1659 1682 1681 1701 1710 1669 1704 1723 1721 1696
 1710 1735 1677 1695 1741 1761 1704 1707 1689 1649 1682 1672 1725 1707
 1726 1723 1699 1712 1691 1732 1708 1717]
support:[1692 1639 1776 1733 1715 1713 1659 1679 1651 1720 1636 1718 1642 1682
 1703 1701 1729 1689 1674 1719 1660 1746 1736 1648 1721 1680 1702 1727
 1714 1722 1739 1685 1705 1674 1725 1682 1671 1728 1690 1712 1790 1703
 1733 1697 1633 1703 1716 1680 1714 1694]
support:[1755 1691 1739 1670 1729 1634 1720 1687 1633 1669 1678 1735 1661 1695
 1682 1733 1733 1716 1704 1712 1742 1684 1671 1773 1638 1663 1682 1728
 1737 1724 1680 1689 1713 1705 1663 1761 1754 1741 1712 1691 1716 1715
 1693 1620 1723 1603 1681 1764 1671 1687]
