support:[1761 1677 1639 1710 1667 1702 1714 1698 1719 1713]
support:[1704 1738 1694 1672 1700 1698 1668 1704 1730 1692]
support:[1713 1666 1653 1682 1734 1695 1714 1701 1729 1713]
support:[1705 1684 1745 1730 1674 1698 1697 1677 1685 1705]
support:[1672 1736 1626 1749 1730 1686 1716 1693 1749 1643]
support:[1713 1711 1693 1734 1702 1667 1723 1699 1667 1691]
support:[1679 1686 1655 1684 1713 1676 1736 1744 1718 1709]
support:[1708 1694 1705 1680 1695 1723 1710 1686 1669 1730]
support:[1687 1680 1708 1704 1693 1738 1698 1721 1662 1709]
support:[1656 1714 1685 1733 1724 1665 1711 1755 1706 1651]
