support:[1711 1722 1630 1708 1676 1717 1734 1671 1719 1712]
support:[1707 1722 1685 1672 1713 1724 1707 1711 1671 1688]
support:[1700 1698 1657 1695 1657 1682 1822 1736 1657 1696]
support:[1708 1676 1681 1695 1744 1679 1717 1740 1696 1664]
support:[1694 1734 1675 1732 1678 1701 1693 1677 1692 1724]
support:[1702 1739 1665 1748 1706 1700 1705 1714 1653 1668]
support:[1688 1769 1690 1712 1692 1707 1682 1695 1703 1662]
support:[1693 1720 1737 1700 1674 1691 1741 1662 1690 1692]
support:[1702 1679 1690 1727 1726 1687 1752 1711 1666 1660]
support:[1694 1757 1640 1736 1659 1732 1676 1727 1665 1714]
