support:[1683 1736 1718 1663 1721 1742 1670 1718 1687 1678 1751 1679 1669 1723
 1722 1621 1706 1707 1685 1723 1700 1715 1707 1672 1655 1685 1724 1740
 1613 1706 1686 1728 1640 1743 1701 1675 1723 1712 1769 1679 1701 1636
 1681 1770 1724 1693 1750 1679 1677 1714]
support:[1693 1704 1635 1719 1618 1759 1713 1676 1677 1718 1680 1697 1688 1675
 1724 1729 1783 1645 1719 1737 1705 1710 1678 1666 1678 1683 1740 1726
 1695 1718 1663 1683 1752 1680 1693 1713 1693 1728 1638 1752 1669 1693
 1717 1711 1724 1675 1685 1712 1726 1705]
support:[1652 1697 1681 1675 1724 1699 1668 1706 1679 1655 1723 1655 1644 1728
 1687 1665 1689 1720 1735 1709 1721 1682 1731 1724 1698 1711 1719 1674
 1702 1735 1692 1720 1732 1739 1714 1660 1736 1680 1695 1681 1702 1719
 1701 1675 1698 1755 1685 1698 1710 1720]
