support:[1664 1713 1721 1677 1704 1694 1679 1668 1731 1738 1697 1677 1701 1750
 1675 1673 1731 1683 1692 1717 1714 1690 1662 1698 1753 1670 1704 1706
 1650 1717 1701 1702 1726 1702 1682 1659 1679 1755 1674 1685 1704 1722
 1705 1694 1687 1692 1725 1689 1740 1728]
support:[1736 1698 1674 1679 1653 1649 1682 1644 1694 1698 1697 1707 1723 1738
 1684 1685 1745 1714 1735 1740 1696 1660 1721 1717 1638 1761 1741 1672
 1651 1746 1707 1654 1719 1660 1726 1723 1715 1692 1721 1697 1697 1705
 1659 1677 1677 1682 1733 1719 1736 1723]
support:[1714 1696 1655 1718 1692 1715 1688 1652 1756 1734 1742 1739 1740 1699
 1702 1706 1701 1686 1654 1718 1663 1703 1698 1739 1676 1728 1658 1715
 1689 1699 1698 1687 1714 1684 1660 1643 1713 1750 1707 1706 1739 1705
 1696 1669 1639 1687 1682 1753 1652 1741]
support:[1660 1687 1736 1644 1673 1738 1700 1661 1702 1707 1635 1680 1654 1659
 1697 1683 1720 1743 1723 1760 1696 1746 1707 1759 1677 1675 1714 1668
 1704 1703 1721 1664 1677 1703 1814 1781 1743 1696 1721 1713 1671 1691
 1743 1656 1700 1635 1702 1663 1688 1707]
support:[1736 1660 1762 1722 1751 1719 1715 1700 1702 1688 1692 1757 1743 1627
 1721 1672 1708 1685 1672 1710 1693 1736 1674 1649 1676 1673 1697 1799
 1726 1686 1681 1691 1751 1753 1673 1687 1746 1718 1742 1663 1701 1673
 1632 1717 1639 1625 1676 1722 1621 1738]
support:[1738 1686 1680 1752 1741 1679 1677 1761 1713 1718 1693 1716 1722 1654
 1718 1689 1669 1630 1660 1655 1704 1733 1648 1725 1673 1692 1716 1711
 1693 1709 1685 1648 1682 1690 1692 1701 1725 1735 1745 1709 1664 1718
 1681 1762 1683 1648 1694 1749 1729 1705]
support:[1715 1743 1680 1639 1698 1688 1677 1615 1708 1699 1702 1678 1709 1714
 1705 1669 1679 1741 1693 1760 1741 1717 1730 1687 1675 1698 1720 1721
 1711 1694 1703 1690 1691 1728 1689 1657 1694 1727 1692 1629 1676 1731
 1716 1704 1717 1699 1743 1707 1693 1708]
