support:[1699 1734 1716 1637 1691 1751 1702 1700 1632 1715 1634 1687 1702 1737
 1625 1667 1685 1702 1683 1629 1700 1698 1748 1764 1656 1716 1784 1656
 1687 1732 1707 1673 1742 1716 1738 1765 1690 1672 1699 1752 1694 1736
 1628 1723 1687 1708 1721 1747 1712 1621]
support:[1677 1701 1733 1674 1746 1727 1676 1724 1672 1692 1698 1752 1723 1761
 1682 1690 1646 1721 1748 1686 1653 1671 1684 1684 1676 1720 1641 1678
 1688 1740 1677 1691 1760 1652 1733 1680 1682 1675 1712 1699 1706 1701
 1661 1695 1726 1727 1698 1684 1716 1761]
support:[1705 1705 1697 1658 1647 1672 1671 1681 1692 1676 1670 1726 1659 1700
 1667 1615 1679 1712 1757 1709 1711 1701 1693 1706 1704 1764 1667 1693
 1686 1735 1809 1728 1750 1684 1686 1685 1759 1697 1665 1723 1709 1688
 1692 1708 1685 1712 1727 1726 1720 1689]
support:[1662 1736 1691 1734 1688 1694 1696 1731 1722 1672 1698 1728 1731 1710
 1726 1680 1662 1699 1755 1676 1693 1688 1714 1687 1652 1708 1697 1672
 1700 1664 1735 1787 1651 1686 1710 1672 1667 1707 1687 1684 1741 1712
 1690 1724 1734 1626 1702 1717 1652 1750]
support:[1740 1771 1701 1688 1720 1709 1709 1646 1724 1709 1709 1694 1763 1658
 1650 1681 1642 1700 1676 1686 1672 1701 1731 1709 1684 1723 1764 1740
 1707 1704 1666 1657 1664 1717 1746 1656 1661 1690 1631 1739 1721 1753
 1684 1732 1707 1678 1668 1733 1683 1703]
support:[1674 1677 1742 1653 1672 1606 1753 1670 1704 1718 1742 1680 1660 1673
 1771 1661 1676 1794 1688 1681 1668 1703 1728 1722 1688 1681 1759 1667
 1708 1678 1731 1745 1702 1701 1665 1688 1733 1711 1694 1714 1707 1667
 1720 1744 1722 1695 1693 1698 1680 1693]
support:[1736 1665 1648 1754 1740 1721 1680 1720 1644 1753 1702 1721 1657 1693
 1643 1731 1645 1696 1736 1708 1632 1665 1673 1718 1648 1731 1745 1657
 1684 1672 1738 1742 1748 1692 1711 1684 1684 1738 1652 1720 1695 1729
 1721 1692 1694 1673 1749 1735 1730 1655]
support:[1708 1746 1740 1647 1669 1757 1724 1683 1724 1750 1705 1687 1743 1702
 1747 1713 1691 1662 1631 1688 1672 1715 1748 1697 1707 1704 1686 1716
 1695 1695 1710 1680 1615 1731 1728 1693 1634 1636 1657 1706 1676 1684
 1744 1675 1707 1784 1697 1721 1706 1664]
support:[1664 1726 1663 1665 1649 1682 1756 1679 1624 1695 1703 1690 1706 1674
 1679 1697 1696 1675 1697 1766 1653 1715 1711 1672 1738 1760 1666 1675
 1693 1692 1750 1675 1720 1742 1761 1646 1720 1688 1738 1762 1678 1679
 1759 1669 1699 1689 1719 1748 1732 1665]
support:[1706 1705 1755 1729 1704 1691 1680 1697 1705 1694 1710 1722 1675 1705
 1782 1705 1707 1640 1750 1721 1697 1679 1672 1616 1741 1741 1665 1701
 1725 1665 1691 1730 1723 1650 1709 1687 1646 1681 1720 1697 1760 1696
 1711 1726 1639 1671 1700 1694 1722 1662]
