support:[1674 1709 1684 1714 1683 1722 1687 1655 1748 1701 1745 1718 1607 1719
 1695 1695 1681 1695 1684 1733 1683 1722 1708 1786 1680 1693 1693 1683
 1657 1721 1716 1659 1678 1676 1691 1699 1710 1703 1685 1662 1675 1661
 1732 1728 1689 1702 1692 1716 1765 1786]
support:[1742 1737 1672 1655 1731 1768 1697 1666 1708 1757 1698 1738 1645 1727
 1724 1744 1676 1697 1692 1727 1663 1708 1710 1730 1734 1626 1688 1680
 1666 1685 1693 1713 1684 1705 1703 1716 1666 1720 1709 1746 1721 1666
 1673 1696 1661 1753 1667 1695 1670 1652]
support:[1675 1704 1669 1674 1703 1675 1707 1721 1728 1787 1664 1675 1681 1748
 1716 1698 1760 1751 1655 1678 1705 1649 1721 1680 1723 1747 1734 1740
 1723 1735 1679 1666 1769 1675 1678 1683 1720 1695 1746 1695 1688 1686
 1635 1706 1673 1649 1748 1642 1666 1675]
support:[1657 1711 1667 1677 1686 1676 1699 1676 1675 1712 1735 1717 1643 1711
 1693 1752 1640 1665 1733 1716 1679 1682 1694 1681 1690 1649 1751 1675
 1774 1701 1647 1716 1678 1709 1728 1750 1740 1670 1679 1723 1712 1741
 1680 1720 1694 1764 1730 1688 1707 1707]
support:[1643 1754 1691 1663 1738 1649 1654 1648 1709 1717 1739 1662 1663 1730
 1727 1677 1658 1688 1742 1738 1695 1730 1675 1700 1682 1727 1705 1753
 1686 1732 1679 1760 1654 1677 1709 1733 1688 1649 1700 1744 1652 1719
 1762 1707 1658 1716 1689 1675 1717 1737]
