support:[1772 1708 1732 1701 1724 1626 1690 1693 1715 1709 1682 1674 1740 1725
 1714 1688 1729 1682 1669 1677 1643 1691 1725 1703 1686 1669 1688 1721
 1694 1692 1682 1685 1717 1725 1724 1748 1741 1715 1687 1706 1687 1700
 1691 1715 1706 1624 1667 1683 1720 1715]
support:[1660 1732 1677 1699 1727 1695 1726 1742 1687 1675 1670 1709 1665 1763
 1714 1681 1696 1682 1685 1697 1700 1694 1710 1712 1640 1714 1711 1691
 1689 1663 1726 1669 1705 1694 1677 1689 1677 1801 1702 1669 1698 1733
 1694 1692 1729 1771 1707 1742 1637 1682]
support:[1696 1698 1712 1714 1685 1773 1682 1642 1700 1704 1689 1685 1736 1704
 1673 1705 1735 1657 1706 1694 1675 1715 1781 1690 1692 1710 1713 1730
 1654 1661 1707 1696 1681 1698 1710 1727 1682 1763 1639 1722 1702 1762
 1704 1632 1688 1707 1696 1672 1714 1687]
support:[1692 1680 1720 1700 1640 1709 1702 1728 1703 1700 1711 1675 1728 1698
 1695 1748 1754 1729 1742 1695 1740 1660 1669 1725 1665 1628 1703 1769
 1727 1653 1652 1710 1686 1676 1738 1659 1642 1745 1680 1734 1689 1705
 1675 1702 1742 1676 1696 1680 1721 1704]
support:[1672 1726 1755 1665 1715 1764 1677 1771 1729 1654 1714 1671 1647 1649
 1708 1655 1672 1672 1717 1693 1710 1715 1680 1703 1638 1685 1652 1698
 1702 1772 1656 1647 1685 1714 1734 1713 1667 1679 1694 1649 1692 1683
 1775 1719 1739 1713 1755 1684 1779 1742]
support:[1647 1648 1697 1627 1725 1691 1702 1676 1668 1698 1708 1742 1720 1740
 1735 1736 1667 1707 1695 1727 1726 1630 1724 1760 1727 1690 1710 1724
 1721 1728 1644 1733 1693 1735 1629 1728 1706 1759 1656 1741 1671 1742
 1650 1657 1702 1729 1644 1692 1673 1720]
support:[1755 1703 1726 1707 1727 1720 1733 1668 1717 1699 1667 1721 1647 1695
 1695 1729 1631 1727 1713 1674 1687 1677 1726 1676 1670 1674 1714 1684
 1686 1654 1751 1701 1758 1735 1707 1658 1654 1725 1677 1680 1735 1689
 1719 1726 1650 1676 1718 1724 1686 1729]
support:[1694 1709 1700 1648 1703 1701 1718 1736 1733 1681 1725 1697 1730 1688
 1706 1705 1639 1723 1676 1711 1737 1643 1673 1687 1693 1654 1690 1677
 1691 1693 1655 1670 1781 1781 1725 1695 1731 1722 1734 1765 1680 1630
 1684 1648 1741 1698 1702 1716 1676 1705]
support:[1691 1664 1706 1733 1681 1751 1630 1740 1708 1684 1653 1750 1720 1684
 1682 1762 1737 1669 1659 1723 1691 1672 1704 1701 1638 1708 1695 1700
 1717 1678 1703 1708 1752 1650 1665 1756 1733 1715 1657 1698 1714 1727
 1696 1681 1675 1756 1702 1709 1705 1667]
support:[1690 1659 1678 1754 1730 1666 1673 1702 1763 1652 1705 1682 1650 1714
 1653 1697 1688 1759 1722 1722 1711 1717 1700 1743 1753 1659 1728 1684
 1646 1704 1672 1709 1725 1673 1709 1708 1705 1736 1700 1657 1736 1677
 1738 1644 1665 1705 1735 1713 1697 1692]
