support:[1705 1749 1666 1641 1733 1651 1762 1678 1672 1673 1701 1747 1678 1624
 1714 1670 1686 1722 1690 1679 1739 1639 1704 1695 1718 1702 1700 1745
 1668 1696 1745 1724 1652 1797 1754 1692 1717 1713 1735 1736 1705 1719
 1645 1678 1716 1695 1637 1707 1701 1685]
support:[1685 1646 1718 1705 1693 1668 1713 1657 1703 1711 1736 1780 1701 1715
 1778 1668 1717 1706 1704 1727 1754 1700 1646 1733 1665 1660 1689 1700
 1630 1668 1636 1763 1661 1687 1698 1667 1708 1630 1700 1730 1650 1701
 1715 1693 1717 1740 1724 1752 1723 1729]
support:[1693 1653 1695 1673 1695 1734 1667 1702 1670 1721 1710 1798 1721 1684
 1727 1625 1716 1735 1752 1714 1646 1749 1666 1702 1661 1630 1669 1704
 1722 1706 1709 1705 1670 1676 1755 1676 1763 1703 1672 1696 1726 1679
 1746 1668 1656 1717 1678 1675 1741 1749]
support:[1753 1683 1694 1728 1670 1675 1654 1759 1659 1635 1731 1754 1642 1700
 1724 1703 1738 1649 1732 1729 1755 1665 1730 1700 1667 1696 1681 1677
 1717 1705 1730 1760 1743 1709 1708 1636 1635 1696 1727 1712 1646 1695
 1683 1731 1692 1741 1663 1661 1751 1676]
support:[1717 1629 1714 1720 1732 1660 1751 1685 1668 1653 1726 1717 1735 1743
 1765 1694 1702 1691 1673 1692 1726 1690 1683 1682 1707 1711 1664 1640
 1661 1684 1715 1713 1668 1724 1738 1698 1694 1699 1670 1684 1703 1712
 1754 1699 1739 1645 1728 1698 1700 1704]
support:[1716 1757 1694 1718 1708 1620 1707 1688 1668 1711 1714 1702 1653 1713
 1704 1735 1712 1758 1710 1682 1707 1691 1723 1677 1710 1695 1687 1663
 1702 1683 1717 1674 1712 1727 1633 1688 1667 1685 1698 1741 1660 1708
 1660 1699 1739 1737 1668 1762 1722 1695]
support:[1634 1668 1740 1648 1664 1734 1665 1717 1661 1652 1671 1696 1717 1659
 1689 1736 1676 1693 1702 1698 1707 1743 1682 1719 1729 1706 1677 1724
 1692 1709 1682 1715 1754 1701 1748 1733 1714 1684 1700 1766 1691 1684
 1698 1693 1700 1662 1776 1680 1733 1678]
support:[1706 1670 1708 1730 1690 1677 1669 1680 1721 1706 1708 1670 1688 1708
 1722 1721 1632 1614 1681 1685 1713 1688 1701 1748 1670 1723 1712 1728
 1699 1733 1694 1753 1746 1726 1689 1765 1655 1787 1692 1676 1703 1704
 1709 1704 1653 1678 1712 1720 1638 1695]
support:[1684 1697 1703 1704 1722 1791 1756 1682 1727 1722 1718 1688 1700 1721
 1645 1719 1705 1667 1747 1630 1714 1651 1672 1689 1728 1728 1655 1677
 1640 1705 1675 1718 1698 1688 1727 1630 1648 1676 1658 1717 1755 1686
 1711 1704 1746 1675 1715 1729 1753 1704]
support:[1722 1705 1716 1643 1710 1677 1722 1709 1663 1679 1695 1704 1611 1670
 1697 1713 1703 1673 1690 1646 1709 1671 1699 1718 1767 1712 1706 1711
 1721 1712 1703 1692 1731 1703 1693 1746 1685 1746 1651 1717 1677 1710
 1672 1746 1692 1722 1737 1762 1642 1699]
