support:[1691 1710 1726 1643 1754 1643 1647 1668 1680 1723 1726 1729 1649 1701
 1664 1663 1697 1707 1733 1664 1722 1690 1713 1739 1645 1698 1744 1734
 1640 1695 1683 1674 1654 1669 1766 1733 1692 1691 1710 1695 1729 1706
 1769 1695 1746 1700 1732 1724 1744 1650]
support:[1755 1703 1635 1753 1653 1715 1684 1704 1722 1725 1705 1671 1699 1662
 1765 1675 1750 1679 1680 1650 1671 1744 1776 1717 1738 1720 1673 1631
 1720 1657 1695 1659 1689 1693 1765 1682 1740 1709 1693 1700 1687 1754
 1681 1672 1685 1658 1696 1790 1669 1651]
support:[1720 1666 1663 1700 1679 1752 1666 1714 1661 1761 1664 1688 1709 1658
 1752 1724 1697 1683 1687 1638 1703 1662 1751 1666 1710 1744 1699 1672
 1747 1787 1676 1707 1701 1705 1696 1696 1753 1692 1718 1686 1684 1661
 1723 1634 1684 1664 1728 1719 1707 1743]
support:[1710 1696 1723 1680 1707 1692 1785 1714 1691 1712 1696 1706 1745 1687
 1702 1731 1699 1702 1726 1719 1635 1721 1669 1763 1694 1567 1671 1712
 1640 1726 1663 1654 1734 1671 1735 1747 1673 1716 1719 1690 1692 1730
 1723 1621 1697 1701 1736 1674 1686 1717]
