support:[1673 1758 1697 1689 1731 1677 1680 1726 1641 1652 1712 1729 1676 1686
 1707 1767 1686 1704 1710 1708 1726 1667 1649 1725 1750 1811 1700 1755
 1688 1670 1726 1737 1692 1756 1654 1659 1672 1689 1641 1693 1704 1702
 1706 1694 1678 1676 1724 1669 1676 1702]
support:[1714 1658 1691 1669 1672 1716 1775 1699 1682 1705 1690 1774 1627 1720
 1696 1673 1695 1740 1628 1703 1687 1733 1712 1714 1669 1714 1699 1735
 1719 1678 1732 1695 1683 1690 1749 1683 1710 1707 1704 1706 1694 1660
 1730 1722 1672 1734 1733 1640 1696 1673]
support:[1746 1686 1686 1730 1685 1709 1714 1707 1679 1697 1705 1704 1745 1688
 1713 1702 1674 1752 1706 1709 1738 1696 1670 1704 1686 1661 1716 1655
 1689 1671 1698 1697 1667 1714 1668 1658 1722 1709 1760 1716 1701 1687
 1700 1721 1649 1718 1662 1738 1690 1702]
support:[1674 1653 1698 1683 1662 1761 1705 1689 1742 1731 1723 1677 1674 1691
 1658 1633 1708 1696 1717 1714 1703 1636 1677 1749 1735 1665 1722 1737
 1710 1697 1616 1679 1715 1782 1707 1726 1757 1693 1698 1694 1676 1663
 1718 1668 1702 1722 1738 1720 1711 1695]
support:[1779 1675 1772 1754 1695 1770 1652 1617 1740 1717 1683 1669 1668 1689
 1653 1656 1725 1710 1714 1727 1707 1776 1712 1690 1713 1710 1701 1725
 1694 1693 1730 1676 1710 1709 1713 1700 1700 1635 1673 1738 1713 1696
 1659 1717 1664 1672 1663 1725 1656 1665]
support:[1678 1640 1711 1677 1703 1720 1657 1745 1681 1692 1681 1733 1706 1713
 1684 1712 1668 1642 1714 1702 1718 1684 1729 1667 1704 1617 1667 1634
 1628 1699 1662 1796 1709 1764 1750 1741 1749 1741 1705 1734 1709 1742
 1708 1726 1673 1662 1670 1722 1761 1670]
support:[1675 1710 1689 1642 1687 1681 1686 1695 1670 1691 1747 1710 1736 1724
 1697 1682 1726 1694 1726 1706 1727 1665 1689 1758 1702 1653 1647 1718
 1692 1732 1682 1751 1710 1681 1697 1712 1741 1682 1743 1720 1708 1666
 1618 1726 1726 1658 1734 1700 1690 1698]
support:[1661 1712 1707 1690 1705 1691 1690 1642 1674 1677 1711 1748 1680 1767
 1727 1673 1682 1702 1664 1690 1695 1702 1657 1756 1723 1689 1706 1673
 1747 1675 1724 1740 1716 1678 1683 1745 1737 1721 1627 1653 1761 1739
 1667 1684 1734 1691 1718 1625 1727 1714]
support:[1733 1714 1662 1731 1692 1730 1752 1731 1724 1633 1677 1709 1660 1685
 1723 1682 1679 1663 1716 1676 1714 1636 1678 1692 1757 1672 1637 1668
 1695 1731 1703 1693 1684 1760 1684 1713 1702 1708 1674 1715 1660 1671
 1772 1704 1722 1742 1757 1682 1701 1701]
support:[1713 1761 1711 1747 1667 1742 1719 1706 1702 1673 1728 1661 1706 1649
 1698 1716 1710 1714 1680 1670 1687 1727 1717 1739 1705 1734 1665 1652
 1716 1679 1690 1727 1709 1684 1701 1708 1741 1716 1667 1684 1690 1709
 1704 1637 1678 1700 1702 1682 1742 1635]
