support:[1702 1721 1752 1650 1696 1686 1744 1760 1681 1689 1699 1687 1691 1710
 1688 1744 1659 1679 1736 1749 1702 1703 1708 1698 1679 1692 1709 1630
 1693 1678 1750 1684 1697 1702 1644 1642 1703 1742 1712 1663 1667 1736
 1716 1692 1683 1690 1743 1734 1689 1696]
support:[1727 1689 1682 1707 1692 1705 1714 1635 1664 1731 1729 1650 1661 1668
 1719 1718 1691 1692 1717 1733 1727 1715 1711 1651 1714 1692 1690 1750
 1667 1736 1638 1686 1676 1687 1716 1737 1702 1741 1743 1703 1718 1719
 1691 1679 1751 1685 1634 1641 1782 1694]
support:[1737 1739 1709 1723 1734 1748 1710 1661 1655 1655 1714 1733 1685 1692
 1723 1675 1695 1645 1651 1744 1710 1650 1664 1661 1684 1716 1666 1659
 1727 1702 1702 1766 1721 1679 1733 1748 1692 1710 1729 1663 1692 1728
 1744 1705 1686 1649 1682 1684 1698 1722]
support:[1672 1732 1715 1746 1738 1731 1726 1680 1750 1721 1689 1695 1696 1699
 1718 1668 1681 1764 1649 1700 1719 1682 1721 1687 1669 1727 1713 1680
 1737 1599 1727 1700 1695 1748 1717 1670 1689 1669 1675 1692 1694 1708
 1626 1655 1616 1783 1696 1728 1736 1672]
support:[1743 1683 1688 1677 1746 1689 1735 1738 1722 1689 1660 1694 1728 1660
 1760 1685 1703 1675 1747 1681 1695 1656 1694 1737 1749 1714 1692 1690
 1685 1720 1714 1655 1706 1684 1657 1667 1688 1656 1679 1711 1694 1635
 1689 1712 1654 1715 1745 1727 1723 1754]
support:[1705 1732 1755 1677 1703 1728 1749 1749 1708 1707 1655 1668 1691 1701
 1727 1678 1696 1679 1654 1735 1687 1732 1662 1691 1663 1687 1660 1744
 1714 1719 1718 1762 1679 1696 1647 1659 1683 1657 1708 1697 1716 1745
 1696 1723 1725 1700 1707 1655 1662 1709]
support:[1667 1723 1674 1671 1784 1687 1732 1735 1671 1685 1613 1729 1706 1752
 1633 1715 1693 1716 1661 1720 1698 1687 1674 1683 1713 1732 1687 1725
 1690 1740 1695 1700 1705 1698 1701 1701 1668 1716 1650 1690 1733 1704
 1697 1765 1706 1694 1672 1704 1729 1676]
support:[1699 1691 1693 1716 1677 1662 1715 1679 1705 1699 1721 1666 1691 1691
 1684 1800 1672 1684 1737 1709 1726 1718 1685 1698 1699 1699 1684 1719
 1751 1704 1673 1664 1689 1700 1717 1686 1682 1657 1670 1657 1758 1746
 1631 1701 1758 1695 1703 1734 1668 1737]
support:[1747 1652 1670 1742 1720 1690 1794 1713 1684 1719 1698 1675 1623 1708
 1699 1638 1698 1670 1713 1729 1774 1763 1655 1688 1719 1682 1695 1662
 1715 1682 1757 1673 1694 1695 1696 1700 1684 1687 1724 1715 1691 1714
 1675 1657 1712 1784 1683 1658 1707 1677]
support:[1689 1676 1697 1674 1722 1746 1731 1757 1642 1686 1719 1640 1732 1693
 1689 1658 1748 1669 1742 1721 1699 1691 1703 1686 1672 1712 1715 1711
 1692 1701 1755 1679 1676 1693 1693 1690 1748 1685 1719 1686 1669 1723
 1694 1723 1732 1678 1671 1689 1681 1703]
