support:[1734 1676 1696 1669 1705 1682 1677 1752 1623 1700 1723 1701 1706 1737
 1684 1647 1689 1740 1727 1698 1708 1672 1714 1646 1685 1719 1680 1730
 1655 1697 1687 1672 1631 1722 1682 1716 1733 1716 1773 1752 1732 1743
 1717 1728 1664 1722 1721 1657 1669 1691]
support:[1766 1687 1755 1689 1685 1715 1725 1731 1718 1719 1657 1704 1660 1688
 1667 1760 1697 1709 1666 1707 1705 1744 1624 1700 1726 1743 1697 1783
 1707 1673 1627 1689 1726 1711 1663 1705 1657 1628 1727 1670 1737 1653
 1676 1657 1690 1738 1715 1678 1732 1714]
support:[1740 1766 1744 1733 1666 1682 1673 1732 1710 1639 1647 1774 1680 1685
 1655 1683 1678 1673 1743 1733 1718 1706 1690 1709 1700 1729 1645 1720
 1675 1693 1687 1730 1660 1696 1741 1764 1653 1724 1646 1673 1745 1722
 1713 1745 1705 1725 1687 1620 1679 1664]
support:[1696 1678 1685 1740 1674 1702 1702 1733 1696 1692 1750 1654 1743 1692
 1647 1699 1713 1703 1730 1686 1742 1706 1674 1690 1733 1729 1614 1662
 1677 1662 1670 1698 1708 1762 1738 1709 1767 1682 1686 1747 1684 1741
 1717 1692 1640 1638 1710 1693 1700 1714]
support:[1667 1759 1730 1675 1619 1674 1721 1674 1744 1712 1712 1725 1719 1655
 1714 1744 1675 1652 1716 1696 1678 1699 1724 1662 1696 1678 1634 1760
 1685 1726 1768 1748 1745 1679 1746 1685 1706 1744 1694 1642 1706 1653
 1683 1676 1709 1687 1659 1720 1690 1735]
support:[1745 1673 1713 1667 1706 1704 1681 1652 1633 1744 1708 1683 1730 1743
 1740 1707 1694 1750 1680 1697 1650 1705 1736 1703 1740 1716 1710 1730
 1653 1737 1689 1706 1616 1678 1704 1696 1703 1674 1663 1641 1720 1727
 1709 1690 1694 1702 1740 1727 1687 1704]
support:[1747 1570 1689 1749 1699 1639 1743 1720 1702 1676 1749 1717 1691 1708
 1666 1697 1709 1709 1748 1688 1712 1690 1714 1642 1642 1653 1634 1695
 1720 1680 1691 1724 1790 1707 1724 1685 1746 1685 1685 1668 1720 1727
 1713 1711 1733 1690 1718 1717 1697 1671]
support:[1756 1730 1707 1671 1672 1720 1705 1715 1788 1762 1722 1603 1646 1675
 1671 1687 1676 1676 1741 1660 1734 1724 1604 1686 1708 1715 1680 1682
 1657 1676 1698 1740 1725 1729 1714 1723 1729 1737 1691 1699 1707 1708
 1679 1747 1682 1679 1724 1653 1683 1704]
support:[1696 1717 1743 1662 1654 1733 1692 1674 1728 1703 1683 1712 1710 1714
 1678 1674 1650 1684 1718 1680 1703 1653 1632 1683 1681 1766 1723 1719
 1713 1727 1712 1652 1692 1702 1670 1726 1723 1756 1742 1749 1690 1642
 1700 1698 1739 1692 1662 1741 1726 1681]
support:[1729 1725 1651 1641 1763 1738 1704 1699 1595 1736 1738 1682 1654 1683
 1676 1664 1697 1691 1702 1699 1703 1697 1733 1728 1729 1663 1755 1660
 1692 1651 1692 1715 1755 1736 1698 1674 1665 1745 1694 1721 1708 1680
 1711 1715 1653 1725 1755 1682 1714 1684]
