support:[1662 1722 1697 1745 1710 1630 1683 1699 1672 1709 1664 1705 1733 1652
 1689 1730 1710 1771 1704 1720 1738 1699 1688 1682 1703 1760 1671 1733
 1745 1654 1719 1708 1748 1700 1693 1715 1693 1645 1747 1716 1713 1701
 1670 1651 1697 1695 1599 1681 1722 1707]
support:[1701 1694 1697 1681 1695 1706 1670 1722 1711 1749 1643 1709 1687 1714
 1664 1672 1670 1749 1670 1713 1745 1691 1685 1681 1660 1727 1703 1655
 1674 1663 1690 1731 1744 1614 1699 1684 1701 1686 1650 1717 1743 1724
 1737 1748 1731 1745 1743 1659 1765 1688]
support:[1734 1664 1689 1785 1651 1672 1681 1661 1721 1687 1696 1754 1685 1656
 1659 1701 1694 1643 1780 1696 1710 1721 1722 1666 1742 1665 1744 1678
 1710 1651 1728 1678 1690 1667 1648 1747 1723 1789 1692 1730 1679 1730
 1696 1724 1717 1728 1659 1690 1682 1685]
support:[1737 1645 1710 1764 1712 1691 1756 1713 1724 1701 1710 1727 1735 1685
 1738 1682 1697 1660 1639 1648 1736 1714 1682 1716 1723 1714 1747 1727
 1684 1709 1647 1710 1657 1692 1667 1739 1679 1715 1728 1703 1643 1729
 1662 1670 1662 1711 1662 1675 1739 1684]
