support:[1707 1725 1768 1707 1727 1711 1713 1741 1650 1687 1719 1672 1739 1719
 1669 1694 1765 1641 1693 1624 1696 1696 1757 1682 1709 1671 1724 1704
 1694 1719 1763 1620 1681 1686 1665 1657 1667 1657 1680 1658 1634 1758
 1739 1760 1737 1731 1681 1724 1698 1681]
support:[1729 1788 1653 1666 1681 1681 1686 1740 1703 1696 1702 1718 1684 1706
 1685 1685 1706 1670 1676 1712 1710 1746 1679 1684 1771 1759 1652 1649
 1673 1714 1671 1662 1698 1700 1635 1688 1700 1699 1761 1682 1754 1681
 1778 1684 1684 1702 1765 1747 1655 1650]
support:[1700 1651 1710 1727 1698 1755 1734 1695 1686 1669 1674 1723 1697 1670
 1728 1704 1688 1660 1730 1698 1685 1706 1693 1706 1666 1712 1632 1662
 1691 1684 1688 1669 1689 1694 1708 1692 1743 1705 1705 1758 1725 1748
 1662 1663 1728 1696 1686 1756 1724 1727]
support:[1687 1709 1795 1706 1713 1649 1718 1682 1719 1731 1651 1711 1693 1648
 1678 1752 1697 1722 1693 1688 1702 1763 1660 1730 1717 1703 1741 1716
 1701 1693 1781 1661 1702 1661 1702 1654 1742 1651 1725 1678 1645 1718
 1725 1631 1765 1660 1706 1641 1682 1702]
support:[1704 1685 1712 1750 1646 1695 1674 1678 1721 1700 1705 1718 1653 1677
 1730 1705 1701 1711 1733 1702 1720 1660 1713 1666 1744 1662 1720 1748
 1714 1682 1720 1759 1657 1702 1747 1719 1629 1690 1697 1681 1685 1781
 1702 1668 1642 1692 1705 1703 1693 1699]
support:[1737 1704 1704 1668 1664 1669 1685 1713 1729 1678 1694 1716 1691 1708
 1728 1723 1686 1723 1707 1732 1647 1735 1677 1721 1754 1717 1705 1702
 1678 1711 1771 1674 1660 1680 1703 1685 1694 1700 1670 1664 1717 1727
 1725 1689 1705 1708 1725 1630 1621 1746]
support:[1703 1691 1694 1691 1707 1718 1724 1730 1722 1705 1702 1784 1733 1704
 1651 1710 1723 1679 1714 1724 1702 1706 1659 1696 1665 1689 1644 1679
 1735 1714 1721 1727 1627 1719 1691 1720 1694 1708 1679 1649 1730 1682
 1678 1712 1676 1679 1637 1792 1690 1691]
support:[1725 1690 1772 1769 1717 1638 1687 1657 1674 1777 1722 1717 1733 1760
 1715 1721 1723 1689 1688 1708 1731 1761 1720 1705 1639 1730 1709 1677
 1744 1686 1676 1665 1663 1667 1700 1608 1675 1655 1710 1710 1675 1675
 1678 1701 1658 1673 1658 1677 1733 1759]
support:[1716 1719 1686 1660 1718 1677 1661 1687 1700 1705 1688 1709 1658 1740
 1745 1693 1703 1685 1699 1671 1703 1672 1758 1726 1605 1642 1648 1739
 1735 1729 1665 1710 1663 1762 1720 1698 1678 1705 1693 1640 1706 1751
 1741 1741 1679 1671 1687 1761 1794 1658]
support:[1759 1678 1670 1728 1692 1723 1677 1715 1738 1670 1683 1693 1655 1706
 1721 1702 1665 1638 1676 1721 1670 1706 1710 1684 1663 1719 1713 1704
 1741 1700 1730 1671 1783 1668 1727 1675 1703 1674 1721 1691 1746 1695
 1715 1655 1715 1664 1673 1747 1661 1766]
