support:[1659 1721 1683 1720 1747 1683 1722 1690 1665 1725 1735 1656 1776 1678
 1673 1728 1696 1672 1733 1684 1687 1690 1692 1720 1732 1661 1750 1720
 1697 1748 1686 1671 1738 1690 1693 1685 1724 1735 1676 1730 1672 1681
 1673 1740 1642 1693 1682 1654 1699 1693]
support:[1715 1691 1729 1717 1686 1672 1704 1741 1720 1734 1684 1735 1708 1715
 1702 1696 1677 1667 1735 1672 1679 1720 1673 1722 1745 1748 1643 1693
 1671 1691 1654 1716 1640 1678 1706 1673 1702 1713 1679 1753 1683 1749
 1717 1693 1689 1690 1713 1659 1722 1686]
support:[1603 1740 1734 1683 1724 1703 1733 1670 1669 1671 1693 1675 1739 1707
 1671 1689 1702 1749 1699 1663 1710 1680 1709 1692 1713 1675 1652 1693
 1705 1694 1717 1720 1720 1660 1683 1672 1742 1759 1693 1670 1685 1729
 1716 1687 1671 1682 1728 1719 1733 1774]
support:[1695 1747 1763 1713 1692 1662 1732 1679 1720 1650 1699 1737 1680 1697
 1664 1664 1755 1656 1729 1631 1668 1722 1710 1721 1652 1671 1720 1724
 1699 1714 1698 1699 1719 1706 1766 1698 1704 1650 1730 1725 1718 1655
 1700 1649 1681 1698 1704 1712 1697 1725]
