support:[1707 1639 1735 1704 1677 1711 1691 1674 1697 1669 1721 1753 1725 1660
 1763 1731 1654 1714 1643 1753 1707 1720 1697 1728 1698 1757 1674 1686
 1684 1732 1697 1692 1706 1721 1678 1706 1698 1676 1675 1696 1656 1703
 1729 1701 1721 1691 1695 1673 1690 1692]
support:[1711 1687 1706 1678 1707 1649 1703 1738 1647 1633 1717 1674 1745 1656
 1721 1717 1700 1714 1734 1729 1654 1752 1722 1698 1660 1699 1705 1688
 1726 1709 1756 1674 1631 1681 1669 1701 1690 1719 1742 1675 1776 1684
 1707 1707 1627 1769 1752 1725 1708 1628]
support:[1712 1685 1709 1654 1711 1788 1663 1746 1657 1685 1746 1669 1666 1702
 1651 1700 1680 1724 1709 1766 1656 1691 1750 1685 1736 1693 1719 1755
 1707 1692 1720 1668 1736 1662 1661 1765 1684 1765 1707 1770 1653 1667
 1713 1696 1725 1691 1684 1640 1625 1661]
support:[1672 1732 1689 1741 1663 1711 1676 1716 1690 1620 1695 1697 1711 1700
 1696 1728 1697 1706 1680 1785 1653 1749 1685 1703 1666 1717 1703 1750
 1681 1718 1711 1713 1677 1684 1661 1718 1692 1649 1679 1706 1696 1737
 1746 1719 1667 1704 1686 1749 1698 1678]
support:[1682 1708 1677 1708 1684 1687 1710 1676 1724 1701 1702 1655 1698 1661
 1665 1731 1704 1689 1691 1682 1731 1706 1733 1700 1714 1628 1708 1668
 1717 1681 1740 1761 1725 1671 1690 1728 1678 1714 1621 1743 1698 1707
 1723 1745 1741 1719 1742 1631 1691 1711]
