support:[1641 1719 1766 1703 1672 1720 1680 1668 1752 1679]
support:[1693 1651 1737 1707 1701 1673 1671 1708 1761 1698]
support:[1659 1756 1763 1643 1689 1672 1735 1711 1635 1737]
support:[1652 1751 1727 1733 1674 1660 1714 1705 1745 1639]
support:[1648 1709 1704 1733 1709 1731 1687 1659 1723 1697]
support:[1642 1681 1686 1673 1698 1746 1736 1726 1676 1736]
support:[1699 1693 1665 1699 1695 1743 1730 1661 1728 1687]
support:[1675 1679 1647 1724 1696 1739 1699 1736 1685 1720]
support:[1683 1755 1742 1709 1745 1656 1738 1664 1685 1623]
support:[1697 1712 1742 1696 1656 1721 1738 1650 1671 1717]
