support:[1748 1720 1677 1721 1678 1693 1683 1663 1700 1717]
support:[1715 1732 1682 1662 1704 1686 1679 1697 1721 1722]
support:[1712 1746 1748 1720 1668 1678 1708 1698 1676 1646]
support:[1720 1690 1690 1738 1692 1720 1716 1711 1639 1684]
support:[1715 1724 1708 1716 1727 1678 1697 1647 1639 1749]
support:[1697 1748 1624 1746 1704 1729 1681 1660 1705 1706]
support:[1684 1749 1715 1696 1671 1707 1660 1691 1715 1712]
support:[1711 1707 1727 1679 1725 1685 1691 1693 1719 1663]
support:[1657 1694 1699 1701 1777 1700 1674 1699 1728 1671]
support:[1705 1697 1702 1637 1711 1698 1741 1656 1704 1749]
