support:[1674 1718 1664 1683 1732 1760 1719 1657 1703 1690]
support:[1673 1746 1662 1695 1662 1699 1725 1695 1726 1717]
support:[1707 1709 1650 1696 1680 1685 1725 1754 1687 1707]
support:[1731 1695 1717 1673 1720 1744 1700 1686 1634 1700]
support:[1635 1741 1735 1685 1653 1726 1690 1735 1691 1709]
support:[1732 1647 1696 1701 1687 1666 1765 1656 1748 1702]
support:[1656 1751 1651 1680 1623 1718 1728 1690 1764 1739]
support:[1704 1742 1747 1707 1709 1724 1693 1612 1665 1697]
support:[1722 1707 1685 1736 1654 1692 1665 1719 1767 1653]
support:[1628 1691 1654 1698 1682 1687 1736 1717 1760 1747]
