support:[1690 1773 1679 1701 1724 1662 1688 1609 1692 1722 1660 1724 1655 1711
 1733 1672 1665 1785 1730 1729 1708 1708 1677 1719 1709 1726 1670 1728
 1760 1683 1749 1650 1710 1723 1708 1660 1668 1609 1633 1706 1698 1651
 1681 1745 1671 1762 1721 1673 1769 1721]
support:[1696 1687 1689 1782 1675 1674 1731 1665 1672 1688 1699 1687 1764 1759
 1633 1705 1659 1696 1712 1748 1704 1725 1728 1744 1717 1720 1673 1649
 1691 1660 1713 1642 1750 1760 1675 1636 1724 1715 1663 1707 1673 1659
 1737 1721 1654 1733 1726 1672 1686 1722]
support:[1697 1670 1653 1744 1693 1688 1685 1709 1692 1648 1757 1744 1697 1748
 1692 1717 1673 1707 1665 1677 1662 1667 1695 1687 1701 1763 1697 1728
 1695 1633 1739 1634 1685 1696 1657 1664 1726 1687 1730 1653 1744 1685
 1687 1739 1782 1711 1746 1705 1751 1695]
support:[1726 1710 1692 1708 1754 1635 1744 1650 1733 1737 1708 1709 1725 1682
 1688 1638 1646 1684 1668 1671 1749 1700 1679 1697 1651 1669 1726 1730
 1704 1750 1699 1726 1700 1714 1781 1735 1615 1741 1709 1696 1657 1639
 1732 1699 1683 1675 1686 1717 1715 1718]
support:[1699 1649 1699 1676 1674 1692 1686 1679 1668 1709 1680 1706 1682 1769
 1698 1757 1664 1712 1654 1779 1717 1666 1682 1689 1694 1696 1677 1758
 1733 1649 1687 1708 1691 1733 1680 1667 1709 1708 1697 1701 1701 1735
 1711 1726 1746 1763 1667 1634 1707 1736]
