support:[1693 1699 1723 1721 1681 1724 1704 1706 1660 1677 1717 1790 1703 1766
 1623 1724 1667 1697 1665 1699 1659 1665 1713 1703 1685 1609 1727 1705
 1692 1676 1699 1692 1693 1693 1722 1753 1677 1738 1643 1719 1739 1759
 1697 1757 1661 1645 1756 1682 1691 1711]
support:[1690 1679 1716 1618 1700 1713 1711 1754 1699 1763 1682 1711 1759 1692
 1661 1710 1707 1725 1729 1721 1642 1755 1745 1737 1631 1699 1713 1734
 1696 1672 1665 1673 1722 1678 1704 1698 1647 1669 1714 1671 1759 1734
 1664 1700 1697 1690 1722 1619 1717 1693]
support:[1679 1658 1708 1701 1700 1702 1706 1718 1677 1708 1734 1697 1682 1674
 1649 1687 1738 1727 1737 1654 1683 1650 1697 1696 1707 1704 1702 1695
 1686 1687 1723 1667 1673 1723 1672 1670 1720 1737 1721 1724 1726 1769
 1732 1733 1692 1689 1703 1683 1688 1712]
support:[1686 1724 1753 1770 1696 1688 1717 1702 1765 1688 1663 1683 1690 1732
 1754 1649 1703 1694 1748 1693 1639 1695 1699 1657 1716 1668 1707 1717
 1709 1690 1692 1665 1737 1669 1747 1715 1705 1672 1762 1705 1665 1671
 1734 1713 1711 1615 1747 1692 1655 1633]
