support:[1767 1705 1719 1743 1701 1677 1620 1722 1676 1744 1663 1702 1676 1713
 1692 1719 1718 1683 1698 1674 1711 1697 1717 1617 1708 1718 1711 1732
 1690 1631 1655 1700 1708 1703 1709 1684 1721 1695 1693 1732 1712 1728
 1646 1651 1660 1736 1704 1740 1727 1752]
support:[1689 1721 1657 1674 1708 1739 1744 1705 1728 1710 1713 1706 1708 1723
 1672 1698 1695 1677 1667 1728 1735 1681 1715 1712 1697 1716 1696 1682
 1629 1744 1707 1730 1706 1688 1668 1713 1642 1733 1743 1678 1757 1683
 1723 1605 1706 1726 1703 1662 1666 1692]
support:[1694 1679 1734 1719 1696 1717 1631 1701 1682 1702 1682 1745 1704 1755
 1690 1739 1674 1646 1628 1680 1701 1683 1660 1726 1656 1698 1726 1723
 1782 1712 1690 1734 1729 1714 1722 1652 1677 1640 1771 1698 1710 1667
 1771 1716 1637 1706 1666 1679 1753 1703]
support:[1719 1649 1686 1697 1648 1743 1726 1734 1702 1681 1744 1694 1693 1703
 1720 1723 1696 1635 1731 1687 1694 1731 1643 1675 1668 1765 1679 1723
 1665 1671 1716 1700 1664 1705 1699 1664 1682 1770 1698 1673 1700 1730
 1691 1755 1670 1756 1739 1707 1707 1649]
support:[1698 1683 1673 1700 1729 1709 1703 1682 1687 1716 1674 1653 1724 1738
 1672 1720 1688 1727 1694 1705 1707 1686 1674 1702 1656 1692 1676 1762
 1679 1723 1735 1651 1749 1760 1694 1656 1717 1748 1698 1710 1700 1685
 1683 1691 1640 1708 1733 1706 1685 1719]
support:[1715 1700 1649 1713 1705 1667 1697 1678 1746 1656 1694 1710 1735 1649
 1673 1722 1712 1719 1722 1693 1656 1712 1670 1639 1699 1684 1709 1746
 1698 1700 1727 1711 1749 1699 1681 1688 1704 1690 1742 1674 1747 1708
 1653 1692 1689 1699 1669 1757 1724 1729]
support:[1648 1745 1702 1705 1665 1751 1672 1620 1714 1750 1689 1733 1706 1681
 1692 1710 1738 1724 1727 1659 1702 1715 1715 1619 1699 1694 1679 1729
 1746 1691 1715 1730 1710 1707 1644 1692 1677 1712 1729 1646 1727 1686
 1692 1694 1716 1707 1677 1720 1709 1690]
support:[1717 1652 1665 1669 1701 1703 1714 1638 1741 1734 1730 1671 1672 1698
 1705 1740 1711 1756 1728 1654 1727 1672 1686 1679 1695 1683 1708 1700
 1711 1696 1738 1679 1637 1703 1652 1733 1680 1707 1711 1684 1659 1692
 1674 1748 1770 1716 1702 1735 1744 1680]
support:[1707 1681 1689 1739 1731 1701 1678 1695 1642 1666 1686 1762 1717 1738
 1670 1652 1683 1715 1683 1636 1662 1731 1730 1706 1682 1670 1702 1735
 1754 1715 1678 1736 1668 1695 1731 1706 1684 1691 1695 1678 1728 1720
 1747 1699 1682 1763 1695 1726 1651 1669]
support:[1727 1664 1678 1661 1707 1674 1705 1702 1686 1767 1731 1729 1692 1672
 1709 1733 1670 1675 1685 1741 1732 1668 1728 1748 1716 1691 1707 1681
 1727 1688 1646 1678 1714 1711 1742 1725 1629 1687 1735 1706 1694 1708
 1696 1645 1690 1682 1710 1719 1715 1674]
support:[1716 1734 1656 1732 1717 1685 1698 1701 1664 1721 1699 1724 1745 1682
 1678 1708 1675 1661 1719 1629 1673 1700 1662 1708 1669 1672 1748 1679
 1726 1679 1749 1695 1660 1735 1696 1704 1735 1668 1750 1655 1722 1724
 1705 1725 1688 1671 1714 1737 1726 1681]
support:[1696 1744 1696 1670 1695 1767 1700 1724 1701 1645 1702 1661 1659 1691
 1704 1686 1701 1717 1684 1653 1652 1699 1717 1682 1640 1730 1699 1717
 1723 1743 1658 1715 1714 1656 1677 1764 1676 1679 1683 1692 1681 1706
 1755 1761 1761 1674 1720 1736 1687 1707]
support:[1668 1708 1734 1722 1720 1740 1687 1695 1718 1713 1739 1658 1711 1680
 1697 1637 1684 1671 1663 1668 1739 1685 1766 1671 1753 1673 1655 1739
 1707 1676 1694 1710 1723 1678 1686 1793 1694 1720 1661 1672 1739 1665
 1698 1706 1743 1731 1672 1706 1695 1637]
support:[1702 1689 1690 1675 1712 1698 1712 1737 1689 1748 1706 1661 1722 1715
 1727 1654 1734 1736 1697 1750 1676 1709 1748 1656 1711 1707 1677 1709
 1725 1663 1669 1749 1641 1679 1709 1715 1730 1713 1674 1693 1623 1739
 1688 1675 1676 1669 1673 1726 1739 1685]
support:[1672 1706 1777 1634 1676 1718 1681 1677 1716 1688 1731 1723 1737 1775
 1681 1685 1714 1703 1715 1716 1648 1644 1655 1650 1696 1732 1727 1703
 1698 1736 1732 1703 1759 1687 1642 1703 1688 1746 1632 1727 1716 1676
 1663 1691 1709 1682 1704 1715 1692 1719]
support:[1717 1672 1697 1678 1707 1729 1653 1685 1683 1688 1694 1680 1746 1718
 1685 1715 1681 1673 1691 1649 1732 1675 1712 1663 1662 1689 1713 1758
 1748 1654 1706 1692 1738 1716 1743 1718 1725 1787 1750 1663 1709 1725
 1685 1709 1644 1670 1650 1728 1668 1727]
support:[1716 1684 1707 1819 1691 1661 1713 1677 1724 1727 1733 1709 1703 1729
 1720 1765 1694 1723 1716 1620 1670 1715 1661 1742 1692 1643 1697 1693
 1675 1745 1718 1737 1685 1707 1735 1706 1741 1667 1665 1656 1642 1672
 1709 1686 1710 1687 1652 1711 1641 1709]
support:[1703 1690 1692 1683 1697 1683 1671 1713 1651 1715 1678 1691 1655 1728
 1655 1694 1685 1741 1734 1688 1698 1731 1728 1671 1695 1736 1751 1719
 1720 1705 1729 1660 1660 1733 1673 1772 1740 1687 1686 1726 1716 1680
 1653 1658 1688 1735 1750 1738 1660 1655]
support:[1694 1708 1721 1691 1746 1681 1718 1713 1715 1709 1681 1701 1718 1700
 1708 1704 1687 1652 1725 1730 1658 1718 1687 1732 1707 1733 1694 1677
 1680 1704 1679 1717 1682 1682 1701 1690 1724 1707 1732 1682 1700 1754
 1694 1658 1693 1705 1653 1641 1730 1684]
support:[1689 1720 1669 1722 1739 1640 1718 1728 1726 1753 1695 1742 1703 1684
 1703 1704 1705 1710 1750 1710 1650 1699 1668 1709 1742 1698 1712 1716
 1628 1716 1658 1699 1700 1710 1668 1659 1715 1685 1702 1620 1702 1710
 1683 1651 1733 1703 1709 1749 1709 1687]
