support:[1731 1702 1721 1697 1677 1731 1735 1699 1754 1743 1707 1668 1707 1681
 1720 1748 1675 1715 1682 1731 1666 1723 1654 1678 1683 1671 1688 1714
 1688 1629 1711 1722 1716 1728 1646 1724 1720 1704 1647 1715 1647 1711
 1690 1692 1701 1641 1731 1751 1695 1690]
support:[1752 1723 1655 1685 1698 1653 1636 1750 1768 1679 1708 1679 1720 1667
 1711 1748 1671 1670 1638 1642 1703 1739 1712 1721 1728 1699 1743 1673
 1709 1648 1706 1687 1638 1703 1725 1717 1748 1719 1719 1665 1672 1721
 1692 1699 1689 1692 1757 1697 1717 1709]
support:[1694 1717 1682 1699 1594 1744 1683 1730 1708 1697 1716 1706 1711 1715
 1698 1779 1644 1750 1710 1697 1656 1670 1676 1737 1709 1662 1694 1691
 1655 1722 1641 1704 1718 1732 1734 1668 1661 1661 1725 1687 1731 1732
 1690 1710 1755 1659 1680 1694 1730 1742]
support:[1712 1696 1687 1643 1680 1712 1716 1662 1728 1738 1749 1664 1667 1696
 1724 1696 1685 1668 1687 1727 1706 1767 1706 1658 1704 1720 1664 1732
 1714 1688 1681 1732 1763 1679 1684 1736 1669 1689 1659 1674 1739 1710
 1702 1697 1758 1736 1741 1656 1663 1636]
support:[1697 1705 1694 1735 1661 1745 1753 1645 1710 1697 1706 1726 1694 1767
 1694 1652 1719 1736 1636 1703 1693 1748 1696 1693 1683 1735 1708 1632
 1698 1694 1747 1617 1688 1731 1663 1752 1720 1679 1703 1670 1660 1722
 1665 1661 1724 1734 1686 1687 1698 1738]
support:[1703 1700 1708 1734 1707 1683 1682 1747 1696 1707 1671 1708 1648 1700
 1709 1729 1672 1766 1677 1704 1708 1678 1734 1686 1732 1701 1727 1664
 1681 1672 1623 1760 1645 1709 1689 1657 1689 1716 1725 1681 1698 1682
 1704 1695 1743 1717 1744 1724 1747 1618]
support:[1715 1725 1707 1674 1704 1698 1679 1665 1678 1673 1773 1701 1704 1721
 1670 1693 1640 1731 1707 1710 1689 1627 1652 1710 1717 1752 1699 1707
 1706 1690 1673 1694 1677 1767 1709 1662 1680 1711 1727 1748 1708 1697
 1704 1730 1671 1695 1697 1687 1675 1771]
support:[1668 1672 1706 1714 1700 1704 1759 1696 1695 1735 1679 1722 1676 1678
 1663 1762 1693 1768 1709 1678 1730 1719 1732 1713 1725 1675 1706 1644
 1718 1735 1714 1696 1636 1682 1703 1725 1650 1733 1626 1696 1731 1692
 1705 1681 1698 1694 1652 1687 1691 1734]
support:[1704 1701 1673 1718 1676 1747 1702 1706 1660 1729 1675 1718 1705 1689
 1743 1751 1643 1744 1667 1732 1707 1731 1746 1636 1694 1722 1675 1705
 1741 1723 1738 1693 1677 1734 1710 1651 1697 1733 1720 1637 1704 1669
 1687 1698 1691 1629 1680 1711 1691 1687]
support:[1697 1723 1659 1689 1667 1665 1707 1669 1655 1750 1725 1717 1689 1678
 1741 1635 1680 1681 1682 1702 1680 1721 1684 1760 1731 1668 1697 1737
 1679 1718 1731 1720 1673 1719 1758 1725 1718 1637 1753 1692 1690 1706
 1754 1670 1681 1658 1725 1682 1760 1662]
