support:[1686 1706 1680 1711 1726 1677 1726 1704 1706 1678]
support:[1683 1631 1640 1694 1792 1703 1712 1724 1734 1687]
support:[1681 1723 1666 1701 1650 1708 1683 1768 1730 1690]
support:[1726 1739 1682 1633 1690 1684 1697 1742 1684 1723]
support:[1699 1716 1692 1715 1687 1662 1666 1673 1732 1758]
support:[1695 1738 1758 1672 1721 1734 1707 1693 1673 1609]
support:[1702 1796 1721 1664 1677 1651 1708 1683 1729 1669]
support:[1678 1725 1683 1712 1717 1704 1700 1665 1705 1711]
support:[1697 1761 1677 1708 1700 1687 1662 1713 1692 1703]
support:[1746 1718 1705 1676 1693 1718 1686 1702 1673 1683]
