support:[1677 1685 1732 1709 1683 1667 1689 1676 1705 1692 1760 1638 1699 1709
 1704 1722 1661 1756 1681 1726 1660 1709 1659 1670 1690 1704 1707 1685
 1741 1699 1682 1704 1743 1728 1787 1730 1714 1770 1711 1703 1670 1677
 1666 1706 1662 1685 1730 1660 1674 1703]
support:[1680 1682 1657 1739 1673 1724 1725 1724 1700 1666 1728 1702 1734 1705
 1758 1708 1675 1687 1719 1677 1650 1718 1715 1705 1730 1671 1646 1708
 1721 1706 1658 1674 1726 1593 1696 1719 1720 1682 1711 1740 1690 1675
 1695 1707 1677 1708 1733 1713 1715 1735]
support:[1714 1690 1727 1730 1757 1673 1660 1685 1675 1787 1694 1676 1643 1669
 1698 1677 1734 1669 1696 1687 1730 1680 1628 1695 1775 1729 1703 1624
 1742 1679 1720 1726 1700 1701 1708 1686 1678 1725 1702 1672 1707 1709
 1711 1705 1706 1699 1714 1750 1668 1687]
support:[1706 1647 1745 1803 1662 1694 1683 1612 1668 1715 1717 1688 1692 1663
 1690 1677 1701 1678 1685 1717 1713 1717 1725 1664 1704 1765 1713 1670
 1726 1681 1729 1652 1722 1689 1711 1666 1738 1744 1740 1670 1707 1711
 1679 1717 1674 1743 1657 1721 1704 1705]
support:[1759 1697 1687 1734 1686 1738 1696 1698 1724 1676 1742 1716 1674 1725
 1728 1667 1752 1701 1707 1756 1753 1700 1770 1666 1652 1698 1728 1714
 1644 1689 1700 1675 1678 1655 1662 1709 1655 1657 1696 1682 1748 1696
 1710 1699 1689 1699 1713 1705 1690 1605]
support:[1647 1684 1712 1714 1674 1687 1721 1732 1792 1707 1638 1713 1624 1734
 1716 1731 1682 1718 1676 1702 1625 1781 1746 1690 1683 1711 1737 1690
 1678 1727 1675 1670 1687 1685 1735 1693 1678 1672 1642 1680 1720 1718
 1668 1752 1644 1717 1722 1668 1783 1719]
support:[1661 1624 1751 1682 1689 1690 1656 1713 1762 1686 1681 1737 1709 1687
 1733 1655 1691 1672 1685 1672 1684 1741 1688 1716 1679 1664 1713 1677
 1684 1690 1766 1689 1688 1690 1677 1737 1682 1732 1695 1716 1730 1686
 1718 1707 1778 1736 1716 1667 1735 1683]
support:[1698 1698 1693 1700 1697 1722 1744 1679 1717 1704 1674 1689 1743 1711
 1686 1738 1679 1639 1698 1675 1743 1687 1751 1680 1717 1743 1702 1731
 1665 1740 1720 1712 1685 1645 1724 1678 1701 1663 1658 1681 1706 1704
 1697 1726 1672 1717 1811 1636 1667 1654]
support:[1658 1732 1745 1696 1684 1731 1707 1634 1753 1670 1683 1709 1710 1700
 1674 1766 1703 1681 1706 1697 1715 1695 1686 1702 1709 1673 1733 1688
 1657 1745 1642 1689 1708 1689 1680 1719 1701 1708 1704 1680 1773 1656
 1672 1718 1710 1675 1712 1688 1720 1714]
support:[1616 1667 1705 1680 1685 1749 1665 1704 1767 1684 1635 1739 1718 1698
 1670 1678 1704 1698 1719 1757 1722 1656 1738 1719 1694 1674 1704 1755
 1713 1763 1639 1692 1704 1718 1695 1778 1649 1681 1689 1713 1752 1701
 1635 1697 1680 1721 1706 1714 1670 1690]
