support:[1647 1680 1692 1664 1666 1655 1646 1732 1742 1644 1706 1725 1626 1763
 1695 1779 1687 1656 1699 1657 1713 1694 1663 1688 1678 1713 1718 1712
 1715 1664 1683 1769 1706 1721 1708 1754 1699 1706 1666 1754 1685 1701
 1689 1737 1680 1711 1724 1720 1735 1733]
support:[1728 1718 1654 1723 1698 1705 1661 1703 1646 1731 1681 1719 1665 1688
 1708 1722 1671 1719 1704 1685 1749 1674 1652 1706 1678 1644 1724 1710
 1695 1774 1655 1717 1715 1640 1743 1698 1794 1703 1657 1693 1683 1683
 1688 1732 1714 1775 1621 1730 1669 1755]
support:[1735 1732 1660 1720 1733 1688 1714 1749 1661 1745 1720 1712 1651 1697
 1683 1729 1680 1697 1718 1704 1734 1637 1688 1701 1682 1729 1646 1785
 1679 1684 1624 1727 1721 1678 1697 1696 1700 1696 1801 1604 1708 1765
 1728 1730 1725 1657 1718 1645 1639 1648]
support:[1644 1724 1724 1684 1748 1687 1730 1716 1703 1734 1682 1715 1705 1724
 1663 1752 1689 1709 1693 1691 1669 1817 1727 1632 1710 1738 1744 1720
 1631 1685 1685 1720 1668 1694 1649 1744 1676 1703 1691 1662 1685 1692
 1740 1703 1664 1644 1690 1685 1689 1726]
support:[1712 1702 1732 1705 1658 1708 1763 1763 1747 1673 1733 1707 1689 1674
 1721 1630 1719 1663 1672 1704 1806 1671 1723 1718 1749 1682 1687 1699
 1669 1732 1705 1704 1698 1661 1653 1674 1661 1737 1642 1698 1651 1699
 1660 1690 1678 1704 1675 1767 1695 1737]
support:[1693 1695 1706 1766 1727 1738 1745 1656 1668 1729 1662 1674 1646 1661
 1702 1742 1722 1721 1664 1708 1681 1724 1710 1678 1670 1627 1686 1693
 1747 1624 1700 1699 1763 1760 1723 1764 1682 1700 1679 1678 1666 1698
 1698 1707 1676 1695 1751 1758 1677 1661]
support:[1695 1690 1705 1665 1700 1656 1680 1724 1674 1673 1699 1735 1672 1689
 1697 1713 1698 1691 1705 1678 1775 1714 1669 1707 1675 1705 1736 1635
 1720 1722 1685 1667 1720 1735 1717 1692 1735 1696 1704 1731 1719 1637
 1665 1716 1766 1695 1740 1690 1731 1662]
support:[1631 1695 1703 1710 1677 1736 1676 1727 1672 1724 1748 1730 1657 1716
 1667 1690 1677 1623 1698 1698 1747 1717 1767 1717 1677 1617 1694 1715
 1662 1758 1729 1769 1713 1685 1707 1757 1755 1664 1674 1635 1693 1649
 1760 1699 1721 1701 1663 1710 1684 1706]
support:[1698 1659 1796 1694 1704 1686 1654 1684 1677 1709 1738 1683 1676 1688
 1733 1701 1717 1662 1699 1712 1743 1735 1669 1676 1648 1747 1676 1716
 1687 1698 1639 1662 1747 1689 1703 1717 1704 1696 1677 1743 1711 1663
 1668 1692 1716 1724 1715 1728 1698 1743]
support:[1713 1656 1647 1696 1688 1662 1727 1721 1705 1683 1736 1773 1749 1665
 1662 1722 1680 1712 1636 1710 1730 1693 1735 1769 1732 1647 1748 1719
 1631 1674 1712 1717 1641 1707 1644 1740 1714 1694 1681 1643 1671 1717
 1746 1753 1748 1603 1703 1714 1697 1734]
