support:[1705 1701 1710 1698 1674 1675 1683 1680 1673 1707 1712 1741 1670 1650
 1729 1699 1682 1639 1699 1696 1694 1698 1713 1650 1696 1713 1717 1713
 1736 1739 1740 1727 1629 1676 1788 1770 1702 1696 1717 1630 1773 1715
 1694 1758 1695 1676 1645 1712 1626 1739]
support:[1677 1677 1771 1734 1668 1721 1739 1706 1720 1659 1696 1744 1740 1705
 1711 1711 1710 1692 1728 1703 1757 1724 1701 1714 1678 1749 1651 1675
 1704 1725 1729 1659 1650 1635 1706 1696 1699 1641 1669 1633 1665 1710
 1677 1705 1735 1674 1655 1730 1730 1712]
support:[1713 1688 1709 1696 1699 1718 1770 1729 1718 1710 1689 1756 1642 1680
 1686 1738 1662 1675 1679 1726 1701 1644 1701 1728 1756 1692 1676 1679
 1677 1711 1683 1674 1631 1700 1678 1701 1703 1665 1662 1721 1757 1732
 1715 1691 1690 1744 1676 1677 1692 1760]
support:[1670 1717 1719 1676 1758 1652 1720 1681 1678 1705 1725 1690 1673 1696
 1742 1699 1794 1704 1774 1701 1663 1771 1677 1745 1718 1686 1713 1665
 1631 1705 1664 1702 1691 1705 1670 1642 1693 1691 1706 1738 1718 1685
 1711 1721 1735 1709 1640 1687 1669 1675]
support:[1679 1738 1685 1719 1728 1694 1656 1732 1691 1682 1752 1677 1651 1697
 1676 1689 1666 1738 1655 1723 1698 1654 1681 1669 1788 1709 1665 1645
 1749 1669 1682 1730 1733 1717 1676 1748 1763 1672 1717 1704 1722 1679
 1723 1729 1681 1695 1654 1711 1664 1745]
support:[1759 1707 1772 1708 1736 1672 1726 1699 1700 1713 1666 1721 1680 1738
 1719 1692 1741 1660 1745 1691 1694 1747 1718 1668 1731 1663 1699 1731
 1687 1659 1666 1697 1657 1674 1681 1703 1638 1687 1666 1724 1719 1661
 1732 1688 1712 1691 1643 1679 1727 1713]
support:[1714 1701 1686 1722 1638 1719 1670 1705 1666 1695 1705 1719 1745 1696
 1720 1748 1697 1669 1658 1701 1678 1687 1769 1731 1680 1735 1676 1689
 1701 1703 1686 1682 1689 1713 1757 1708 1669 1667 1761 1625 1686 1809
 1690 1696 1718 1647 1709 1713 1712 1640]
support:[1700 1690 1741 1680 1668 1629 1729 1742 1722 1670 1695 1711 1605 1695
 1721 1719 1692 1705 1693 1680 1752 1709 1684 1697 1689 1721 1678 1692
 1735 1718 1715 1760 1693 1718 1634 1695 1746 1657 1714 1676 1715 1700
 1712 1712 1723 1716 1683 1657 1726 1686]
support:[1684 1700 1709 1690 1671 1710 1714 1703 1711 1693 1721 1689 1667 1748
 1666 1672 1738 1717 1690 1702 1733 1681 1710 1725 1688 1755 1714 1657
 1619 1728 1667 1681 1700 1737 1728 1697 1702 1691 1683 1728 1709 1752
 1696 1729 1685 1682 1698 1676 1705 1649]
support:[1670 1658 1649 1719 1723 1709 1684 1767 1681 1684 1676 1688 1712 1746
 1738 1648 1727 1779 1700 1732 1740 1635 1643 1671 1710 1681 1717 1734
 1728 1718 1710 1728 1688 1656 1681 1649 1694 1731 1767 1694 1716 1694
 1683 1687 1652 1720 1664 1714 1706 1699]
support:[1698 1793 1710 1727 1678 1668 1723 1681 1717 1730 1713 1723 1697 1690
 1626 1697 1744 1649 1646 1653 1689 1713 1660 1719 1699 1717 1705 1623
 1708 1676 1798 1682 1673 1682 1699 1754 1730 1675 1725 1773 1720 1666
 1721 1671 1667 1662 1738 1712 1654 1726]
support:[1703 1715 1684 1695 1730 1687 1736 1712 1688 1722 1705 1734 1631 1734
 1709 1655 1700 1707 1758 1690 1651 1671 1763 1664 1698 1731 1689 1731
 1756 1663 1666 1728 1715 1711 1673 1655 1689 1671 1675 1727 1686 1760
 1689 1678 1708 1654 1705 1734 1656 1708]
support:[1674 1683 1678 1731 1665 1744 1711 1659 1709 1651 1720 1685 1771 1710
 1725 1700 1657 1693 1721 1681 1707 1681 1725 1747 1706 1675 1702 1722
 1723 1649 1690 1682 1676 1727 1767 1665 1657 1696 1675 1662 1705 1713
 1715 1678 1702 1701 1736 1725 1737 1686]
support:[1795 1679 1702 1711 1715 1690 1754 1686 1681 1746 1653 1730 1717 1647
 1682 1684 1704 1706 1716 1719 1653 1691 1733 1699 1648 1765 1685 1691
 1711 1694 1764 1733 1653 1720 1659 1718 1711 1714 1699 1659 1672 1676
 1713 1760 1649 1696 1654 1673 1683 1707]
support:[1687 1634 1762 1739 1669 1718 1666 1737 1736 1759 1685 1668 1767 1628
 1701 1696 1705 1739 1737 1687 1745 1694 1625 1697 1720 1667 1694 1705
 1720 1636 1707 1669 1671 1755 1661 1690 1669 1703 1667 1681 1690 1760
 1697 1727 1738 1683 1714 1684 1668 1743]
support:[1715 1722 1667 1714 1697 1749 1683 1723 1751 1710 1682 1729 1680 1629
 1709 1677 1661 1659 1638 1727 1651 1694 1697 1729 1693 1706 1714 1677
 1668 1705 1709 1682 1735 1755 1701 1701 1776 1652 1725 1691 1648 1671
 1675 1807 1714 1692 1682 1737 1688 1703]
support:[1711 1710 1670 1641 1695 1663 1717 1704 1684 1740 1741 1694 1685 1690
 1673 1732 1702 1616 1730 1688 1722 1711 1695 1689 1677 1674 1677 1699
 1677 1682 1705 1634 1717 1755 1734 1742 1717 1671 1716 1739 1686 1727
 1688 1705 1722 1634 1728 1750 1693 1748]
support:[1695 1616 1676 1711 1728 1717 1711 1642 1780 1730 1656 1712 1739 1616
 1610 1735 1699 1705 1658 1733 1714 1646 1725 1700 1754 1662 1742 1675
 1712 1682 1728 1705 1757 1688 1722 1692 1661 1705 1683 1690 1739 1693
 1692 1742 1779 1637 1665 1737 1721 1683]
support:[1741 1736 1703 1640 1675 1701 1708 1683 1727 1688 1647 1665 1711 1688
 1709 1634 1689 1615 1701 1673 1728 1653 1682 1704 1680 1673 1712 1708
 1739 1718 1752 1727 1691 1692 1714 1714 1737 1701 1725 1668 1726 1759
 1698 1704 1704 1670 1751 1754 1706 1676]
support:[1746 1717 1682 1707 1665 1697 1699 1683 1723 1732 1703 1692 1751 1699
 1729 1717 1735 1744 1698 1652 1686 1743 1650 1686 1728 1705 1721 1667
 1698 1619 1629 1764 1715 1676 1701 1691 1697 1747 1599 1718 1699 1729
 1719 1651 1696 1665 1678 1718 1698 1736]
