support:[1710 1655 1662 1629 1760 1717 1721 1676 1727 1698 1733 1779 1711 1633
 1665 1685 1635 1769 1690 1725 1678 1702 1761 1695 1677 1662 1741 1709
 1717 1668 1716 1655 1679 1706 1713 1697 1721 1675 1681 1676 1690 1715
 1727 1680 1726 1725 1741 1627 1726 1734]
support:[1651 1705 1702 1715 1688 1694 1709 1744 1695 1632 1700 1724 1696 1702
 1677 1690 1709 1721 1657 1753 1696 1712 1635 1665 1713 1725 1730 1715
 1715 1693 1718 1689 1721 1674 1667 1693 1709 1799 1719 1759 1692 1649
 1688 1661 1720 1719 1681 1680 1696 1703]
support:[1650 1679 1694 1693 1697 1651 1696 1734 1718 1712 1702 1689 1709 1677
 1741 1721 1712 1690 1715 1707 1718 1745 1655 1721 1665 1656 1769 1630
 1669 1673 1715 1701 1775 1640 1765 1737 1714 1727 1646 1702 1686 1688
 1662 1686 1714 1725 1662 1700 1736 1731]
