support:[1673 1709 1644 1663 1692 1716 1653 1676 1694 1675 1684 1728 1673 1687
 1655 1691 1665 1720 1660 1707 1664 1674 1691 1729 1722 1714 1698 1751
 1646 1715 1693 1694 1631 1751 1718 1717 1770 1794 1691 1755 1691 1699
 1657 1733 1700 1732 1694 1741 1716 1754]
support:[1722 1733 1707 1694 1674 1645 1736 1691 1717 1661 1684 1680 1675 1705
 1725 1697 1708 1705 1726 1687 1709 1696 1713 1693 1703 1704 1685 1650
 1645 1728 1734 1684 1678 1726 1686 1721 1719 1654 1725 1721 1708 1748
 1740 1671 1700 1729 1729 1676 1704 1649]
support:[1711 1678 1708 1723 1708 1710 1688 1683 1750 1699 1657 1669 1716 1658
 1720 1709 1637 1754 1657 1650 1762 1715 1673 1659 1683 1659 1667 1716
 1665 1702 1669 1736 1664 1777 1712 1689 1740 1655 1766 1695 1692 1698
 1713 1650 1754 1708 1716 1725 1731 1724]
support:[1743 1685 1726 1705 1733 1670 1698 1688 1697 1695 1665 1768 1622 1702
 1732 1694 1698 1665 1718 1692 1735 1666 1711 1690 1619 1721 1713 1697
 1621 1765 1706 1740 1704 1704 1692 1681 1681 1663 1629 1739 1724 1724
 1705 1694 1652 1731 1715 1705 1707 1770]
support:[1682 1670 1673 1719 1748 1653 1722 1672 1610 1735 1729 1704 1755 1682
 1693 1666 1708 1693 1658 1665 1703 1646 1722 1739 1675 1721 1715 1704
 1704 1724 1746 1709 1728 1691 1732 1734 1700 1689 1765 1738 1682 1718
 1717 1699 1670 1670 1713 1629 1666 1714]
