support:[1738 1700 1759 1730 1725 1668 1680 1674 1711 1660 1678 1689 1693 1679
 1710 1727 1714 1713 1705 1731 1775 1733 1636 1705 1713 1682 1702 1710
 1700 1679 1735 1672 1690 1682 1645 1688 1690 1743 1705 1685 1688 1672
 1730 1664 1676 1680 1722 1696 1710 1708]
support:[1665 1704 1647 1672 1724 1706 1623 1707 1736 1686 1783 1692 1657 1689
 1682 1741 1793 1653 1716 1680 1680 1671 1738 1724 1675 1685 1690 1669
 1728 1645 1751 1656 1676 1707 1712 1709 1694 1710 1690 1726 1755 1761
 1691 1706 1641 1677 1712 1704 1743 1718]
support:[1729 1693 1742 1705 1732 1672 1715 1700 1733 1709 1705 1699 1711 1688
 1797 1671 1678 1721 1687 1657 1691 1661 1684 1746 1752 1649 1688 1705
 1736 1664 1683 1706 1680 1646 1715 1710 1685 1673 1698 1701 1723 1669
 1726 1714 1691 1724 1709 1714 1674 1639]
support:[1685 1733 1665 1724 1726 1693 1707 1667 1736 1738 1694 1690 1721 1703
 1693 1723 1713 1720 1713 1650 1692 1669 1762 1655 1663 1705 1696 1672
 1724 1679 1647 1685 1677 1737 1643 1664 1718 1751 1763 1676 1681 1728
 1720 1700 1731 1714 1664 1681 1693 1716]
support:[1734 1735 1731 1717 1755 1714 1669 1719 1735 1678 1724 1681 1687 1645
 1744 1717 1677 1696 1713 1698 1721 1657 1756 1692 1604 1708 1746 1717
 1690 1689 1713 1694 1652 1663 1717 1691 1671 1682 1681 1751 1700 1638
 1689 1648 1717 1671 1742 1723 1740 1668]
support:[1711 1750 1625 1687 1721 1660 1675 1692 1701 1672 1680 1668 1663 1738
 1717 1716 1707 1709 1687 1689 1689 1678 1685 1713 1739 1725 1643 1700
 1733 1697 1680 1727 1656 1765 1708 1712 1707 1706 1695 1754 1718 1710
 1722 1650 1635 1690 1671 1774 1699 1751]
support:[1761 1707 1732 1712 1736 1642 1671 1674 1723 1695 1735 1741 1662 1697
 1742 1701 1648 1689 1743 1714 1711 1715 1769 1753 1679 1626 1712 1681
 1723 1673 1697 1672 1674 1704 1688 1696 1676 1642 1689 1693 1698 1734
 1707 1651 1698 1739 1676 1695 1680 1724]
support:[1681 1632 1667 1644 1712 1670 1680 1703 1704 1711 1717 1697 1668 1739
 1641 1730 1728 1702 1757 1684 1743 1696 1705 1653 1666 1711 1771 1694
 1705 1682 1682 1680 1695 1630 1683 1764 1743 1678 1727 1727 1682 1688
 1679 1675 1749 1697 1769 1729 1676 1754]
support:[1689 1676 1693 1705 1724 1679 1712 1759 1737 1652 1690 1699 1653 1683
 1703 1693 1664 1696 1672 1719 1727 1692 1702 1721 1709 1726 1744 1735
 1736 1707 1708 1685 1744 1726 1660 1725 1653 1706 1671 1645 1671 1670
 1697 1677 1715 1661 1739 1678 1698 1774]
support:[1710 1670 1707 1678 1667 1741 1715 1713 1714 1772 1694 1716 1668 1615
 1688 1651 1686 1671 1640 1720 1671 1692 1725 1631 1661 1676 1720 1681
 1754 1697 1696 1744 1706 1716 1700 1691 1735 1705 1740 1712 1662 1774
 1699 1754 1686 1712 1703 1717 1704 1700]
