support:[1675 1730 1686 1678 1736 1702 1705 1735 1633 1717 1695 1690 1665 1711
 1690 1690 1722 1700 1655 1701 1734 1710 1699 1652 1753 1700 1751 1706
 1696 1657 1733 1686 1682 1690 1634 1686 1725 1744 1712 1645 1718 1685
 1684 1717 1691 1694 1695 1802 1689 1714]
support:[1749 1728 1691 1704 1726 1659 1685 1708 1711 1753 1674 1680 1737 1617
 1686 1717 1713 1734 1639 1742 1664 1681 1708 1686 1693 1707 1715 1712
 1770 1698 1665 1675 1680 1765 1705 1676 1730 1726 1698 1673 1682 1670
 1686 1695 1641 1699 1699 1749 1665 1734]
support:[1758 1673 1724 1687 1660 1687 1687 1716 1723 1696 1702 1697 1736 1646
 1706 1650 1673 1702 1721 1650 1726 1732 1676 1684 1694 1698 1752 1729
 1796 1629 1726 1660 1688 1709 1673 1727 1692 1654 1653 1663 1740 1629
 1716 1741 1736 1701 1733 1715 1725 1709]
support:[1640 1648 1722 1651 1712 1681 1721 1760 1697 1683 1710 1689 1725 1756
 1679 1599 1676 1685 1750 1675 1661 1737 1654 1676 1726 1683 1716 1692
 1678 1663 1648 1684 1679 1746 1687 1644 1689 1708 1659 1795 1735 1716
 1776 1736 1735 1744 1655 1754 1757 1708]
support:[1726 1645 1680 1743 1687 1667 1716 1715 1720 1719 1732 1692 1728 1740
 1710 1763 1672 1634 1672 1698 1692 1686 1717 1700 1706 1692 1757 1689
 1675 1780 1705 1733 1663 1695 1701 1695 1697 1713 1708 1661 1667 1700
 1720 1612 1670 1750 1683 1710 1646 1718]
support:[1722 1757 1707 1701 1701 1754 1744 1736 1726 1628 1687 1691 1657 1650
 1746 1673 1711 1714 1666 1681 1681 1717 1650 1744 1753 1727 1705 1651
 1699 1677 1674 1665 1700 1645 1686 1689 1721 1700 1690 1729 1644 1724
 1721 1751 1723 1716 1711 1690 1698 1667]
support:[1671 1679 1764 1697 1715 1663 1688 1697 1737 1731 1653 1689 1694 1712
 1717 1736 1654 1696 1722 1672 1703 1731 1719 1662 1713 1705 1695 1773
 1731 1618 1746 1721 1652 1741 1747 1717 1699 1666 1769 1680 1659 1708
 1690 1657 1678 1669 1638 1673 1690 1763]
support:[1691 1642 1670 1732 1661 1747 1663 1707 1732 1663 1772 1678 1728 1675
 1680 1675 1737 1735 1712 1709 1714 1699 1720 1670 1667 1693 1706 1667
 1669 1720 1716 1770 1783 1699 1741 1728 1676 1717 1661 1703 1654 1700
 1714 1712 1615 1695 1738 1677 1693 1674]
