support:[1645 1711 1750 1752 1658 1643 1733 1714 1744 1650]
support:[1676 1687 1667 1746 1668 1727 1734 1693 1716 1686]
support:[1697 1725 1721 1700 1641 1648 1691 1771 1687 1719]
support:[1676 1708 1724 1651 1689 1779 1711 1714 1699 1649]
support:[1741 1656 1702 1710 1728 1737 1716 1657 1649 1704]
support:[1746 1744 1672 1691 1737 1739 1674 1639 1684 1674]
support:[1713 1677 1654 1655 1701 1727 1776 1762 1653 1682]
support:[1682 1713 1701 1702 1682 1705 1725 1771 1658 1661]
support:[1690 1698 1699 1727 1688 1678 1683 1738 1712 1687]
support:[1689 1813 1671 1686 1697 1672 1730 1684 1640 1718]
