support:[1696 1683 1749 1716 1731 1684 1685 1684 1760 1690 1715 1724 1734 1709
 1740 1659 1726 1650 1687 1747 1687 1653 1685 1679 1708 1689 1717 1686
 1721 1691 1734 1714 1698 1658 1663 1686 1714 1682 1704 1723 1710 1699
 1696 1744 1692 1643 1703 1717 1653 1682]
support:[1677 1693 1635 1653 1746 1698 1679 1735 1697 1654 1665 1718 1664 1701
 1711 1717 1702 1666 1705 1686 1722 1707 1759 1713 1667 1684 1726 1707
 1694 1667 1710 1708 1659 1734 1737 1671 1726 1667 1661 1745 1691 1803
 1740 1671 1695 1689 1679 1699 1736 1731]
support:[1654 1776 1677 1712 1694 1667 1627 1693 1659 1724 1705 1749 1666 1716
 1740 1748 1742 1754 1602 1679 1700 1745 1678 1736 1686 1709 1704 1647
 1726 1690 1719 1709 1675 1754 1730 1702 1680 1687 1642 1696 1761 1677
 1709 1651 1699 1739 1713 1679 1640 1733]
support:[1707 1706 1726 1766 1648 1716 1756 1732 1676 1690 1700 1720 1746 1640
 1618 1656 1716 1726 1671 1697 1661 1683 1681 1660 1666 1746 1731 1699
 1711 1706 1716 1700 1640 1726 1683 1690 1734 1733 1637 1721 1721 1646
 1740 1740 1664 1648 1743 1695 1734 1732]
