support:[1738 1679 1748 1750 1670 1683 1702 1677 1746 1635 1733 1668 1655 1686
 1740 1733 1660 1703 1690 1722 1672 1682 1742 1738 1687 1683 1736 1687
 1706 1660 1725 1678 1655 1646 1735 1694 1714 1646 1677 1728 1764 1692
 1740 1724 1669 1692 1746 1733 1680 1651]
support:[1672 1709 1696 1694 1723 1722 1717 1722 1714 1716 1702 1676 1688 1725
 1688 1705 1710 1670 1755 1736 1659 1717 1681 1646 1702 1678 1707 1675
 1675 1711 1743 1692 1719 1645 1677 1676 1776 1661 1754 1697 1731 1666
 1716 1637 1755 1641 1654 1666 1737 1766]
support:[1723 1725 1695 1734 1609 1669 1690 1692 1732 1702 1679 1676 1717 1735
 1682 1583 1663 1690 1689 1697 1686 1682 1715 1736 1652 1707 1725 1763
 1685 1724 1747 1753 1706 1667 1675 1754 1692 1693 1703 1681 1699 1709
 1687 1681 1632 1765 1771 1693 1691 1744]
support:[1660 1724 1714 1700 1697 1772 1689 1715 1724 1686 1688 1647 1691 1704
 1690 1749 1682 1682 1687 1669 1739 1715 1710 1663 1659 1643 1675 1755
 1660 1706 1626 1687 1701 1690 1736 1750 1771 1744 1657 1717 1671 1742
 1750 1672 1708 1688 1708 1735 1691 1661]
support:[1709 1629 1686 1649 1720 1714 1725 1729 1706 1679 1717 1707 1674 1691
 1720 1752 1695 1725 1648 1705 1746 1684 1692 1692 1690 1706 1733 1696
 1724 1663 1710 1765 1743 1699 1713 1702 1695 1773 1655 1684 1706 1660
 1692 1659 1675 1701 1660 1756 1699 1647]
support:[1690 1738 1718 1731 1691 1740 1752 1738 1727 1728 1698 1683 1679 1696
 1701 1670 1712 1735 1790 1639 1719 1650 1738 1681 1682 1680 1698 1691
 1669 1638 1694 1745 1688 1672 1702 1704 1686 1681 1650 1665 1686 1731
 1742 1715 1661 1705 1703 1716 1670 1682]
support:[1713 1689 1732 1714 1696 1653 1718 1744 1703 1686 1707 1683 1686 1696
 1659 1674 1727 1703 1729 1688 1690 1769 1694 1627 1703 1697 1723 1727
 1731 1793 1717 1735 1713 1716 1683 1718 1676 1657 1748 1661 1665 1697
 1702 1709 1682 1711 1691 1610 1699 1656]
support:[1746 1694 1682 1667 1682 1662 1721 1673 1761 1736 1685 1695 1695 1753
 1682 1690 1742 1703 1702 1749 1684 1739 1690 1715 1701 1688 1713 1683
 1741 1716 1625 1709 1630 1688 1720 1720 1733 1712 1686 1675 1684 1676
 1668 1735 1641 1724 1711 1667 1674 1732]
support:[1694 1689 1729 1726 1680 1661 1712 1723 1717 1667 1686 1681 1695 1717
 1702 1670 1714 1645 1674 1709 1710 1737 1687 1755 1737 1688 1721 1733
 1666 1701 1736 1692 1748 1690 1708 1759 1725 1674 1687 1663 1721 1649
 1703 1655 1688 1738 1666 1684 1705 1683]
support:[1651 1670 1704 1674 1732 1766 1723 1748 1689 1653 1648 1732 1723 1695
 1657 1679 1704 1764 1647 1685 1708 1727 1686 1717 1663 1679 1667 1739
 1693 1763 1679 1712 1706 1696 1704 1695 1676 1761 1687 1673 1680 1703
 1697 1655 1725 1727 1702 1694 1697 1745]
