support:[1655 1701 1727 1698 1697 1687 1712 1745 1681 1697]
support:[1701 1733 1704 1731 1665 1703 1718 1727 1645 1673]
support:[1676 1693 1718 1681 1681 1712 1732 1743 1704 1660]
support:[1658 1721 1705 1705 1689 1723 1674 1703 1722 1700]
support:[1744 1704 1713 1643 1657 1704 1722 1678 1749 1686]
support:[1682 1738 1743 1709 1747 1687 1667 1721 1652 1654]
support:[1657 1625 1686 1733 1703 1696 1715 1703 1744 1738]
support:[1620 1725 1709 1689 1741 1680 1721 1681 1718 1716]
support:[1712 1680 1702 1732 1701 1669 1668 1723 1731 1682]
support:[1690 1705 1648 1705 1717 1729 1663 1730 1715 1698]
