support:[1744 1682 1699 1709 1664 1710 1709 1699 1714 1698 1639 1684 1702 1715
 1700 1667 1781 1700 1757 1772 1709 1694 1748 1707 1635 1691 1725 1699
 1701 1649 1678 1685 1675 1651 1685 1668 1753 1767 1698 1731 1670 1674
 1718 1666 1677 1757 1728 1706 1654 1656]
support:[1739 1679 1655 1694 1676 1655 1651 1688 1726 1695 1711 1690 1746 1678
 1722 1724 1717 1687 1645 1730 1681 1723 1748 1737 1744 1713 1737 1712
 1691 1693 1732 1711 1708 1647 1669 1683 1722 1682 1737 1671 1678 1671
 1710 1668 1695 1707 1709 1701 1698 1714]
support:[1689 1653 1693 1703 1730 1681 1676 1665 1697 1706 1712 1678 1686 1714
 1709 1634 1711 1635 1779 1693 1707 1696 1711 1732 1654 1698 1711 1736
 1715 1708 1647 1750 1696 1668 1747 1745 1740 1675 1715 1698 1708 1717
 1686 1709 1674 1704 1659 1717 1750 1683]
support:[1701 1674 1711 1764 1647 1706 1751 1685 1715 1689 1675 1730 1738 1658
 1693 1747 1649 1670 1719 1693 1768 1671 1716 1691 1676 1699 1729 1715
 1666 1713 1696 1682 1676 1659 1686 1696 1720 1667 1713 1700 1643 1747
 1715 1653 1731 1719 1744 1702 1722 1670]
support:[1767 1741 1613 1656 1716 1700 1706 1737 1674 1676 1681 1711 1657 1685
 1706 1729 1741 1729 1716 1748 1647 1666 1707 1680 1729 1677 1672 1677
 1656 1654 1698 1723 1676 1648 1707 1640 1741 1754 1703 1683 1671 1751
 1728 1731 1687 1707 1707 1719 1749 1723]
support:[1708 1696 1660 1690 1691 1702 1713 1613 1742 1747 1672 1714 1735 1634
 1703 1734 1771 1742 1669 1698 1697 1743 1714 1694 1645 1652 1689 1709
 1660 1750 1701 1660 1721 1684 1690 1659 1711 1742 1674 1691 1697 1679
 1692 1691 1764 1706 1689 1683 1777 1702]
support:[1737 1748 1703 1668 1665 1642 1725 1691 1735 1692 1676 1682 1731 1692
 1719 1710 1751 1690 1634 1688 1714 1704 1665 1710 1688 1695 1704 1653
 1710 1681 1728 1699 1663 1676 1694 1702 1729 1714 1679 1691 1685 1707
 1729 1732 1745 1709 1677 1744 1677 1717]
support:[1701 1591 1712 1668 1683 1716 1642 1775 1706 1693 1752 1723 1651 1686
 1650 1755 1725 1759 1760 1742 1658 1715 1720 1687 1722 1693 1675 1737
 1614 1723 1672 1669 1751 1718 1723 1687 1640 1752 1688 1734 1681 1674
 1670 1740 1683 1690 1741 1702 1684 1667]
support:[1712 1717 1754 1687 1688 1645 1714 1669 1674 1704 1708 1689 1696 1736
 1770 1747 1722 1688 1652 1677 1705 1690 1712 1674 1710 1688 1716 1675
 1681 1772 1755 1674 1751 1719 1688 1672 1700 1679 1641 1722 1714 1689
 1690 1674 1647 1682 1688 1717 1756 1670]
