support:[1718 1692 1783 1711 1692 1677 1705 1719 1787 1688 1690 1655 1641 1685
 1704 1718 1663 1714 1701 1684 1626 1703 1685 1677 1742 1704 1701 1702
 1729 1647 1678 1738 1689 1684 1762 1662 1777 1735 1661 1717 1658 1662
 1695 1708 1649 1690 1753 1735 1724 1680]
support:[1745 1676 1769 1698 1654 1715 1727 1715 1685 1752 1674 1736 1759 1666
 1655 1680 1742 1679 1736 1768 1710 1653 1723 1734 1741 1724 1642 1655
 1636 1770 1677 1691 1709 1668 1719 1695 1679 1715 1689 1652 1631 1677
 1685 1702 1699 1652 1725 1718 1720 1678]
support:[1756 1733 1673 1635 1748 1723 1709 1685 1726 1737 1742 1709 1735 1638
 1701 1652 1762 1672 1676 1744 1655 1709 1699 1691 1661 1679 1651 1681
 1697 1671 1692 1680 1696 1687 1727 1806 1658 1657 1769 1687 1722 1711
 1699 1759 1680 1723 1640 1681 1694 1682]
support:[1704 1684 1676 1669 1711 1752 1665 1655 1692 1694 1644 1681 1727 1664
 1697 1728 1774 1703 1729 1716 1722 1707 1678 1730 1680 1759 1711 1701
 1736 1682 1680 1647 1696 1709 1719 1693 1716 1675 1675 1681 1744 1658
 1714 1704 1701 1666 1699 1713 1711 1728]
support:[1620 1678 1734 1739 1651 1650 1696 1661 1707 1738 1685 1701 1714 1669
 1665 1717 1676 1724 1676 1683 1758 1716 1677 1680 1653 1741 1737 1673
 1674 1735 1634 1810 1749 1716 1740 1689 1722 1711 1693 1703 1744 1700
 1671 1698 1688 1735 1714 1657 1646 1752]
support:[1666 1740 1692 1752 1738 1658 1684 1680 1696 1733 1698 1718 1692 1631
 1710 1719 1681 1715 1702 1724 1698 1639 1692 1660 1655 1752 1731 1706
 1689 1689 1705 1692 1687 1724 1732 1710 1666 1697 1768 1724 1643 1691
 1735 1696 1728 1661 1670 1712 1728 1691]
support:[1702 1727 1671 1736 1717 1683 1742 1663 1703 1678 1685 1707 1687 1750
 1694 1702 1727 1697 1627 1695 1702 1713 1629 1690 1754 1704 1690 1686
 1722 1646 1739 1658 1731 1754 1697 1763 1683 1692 1674 1719 1678 1727
 1709 1708 1698 1748 1661 1658 1682 1692]
support:[1732 1719 1708 1731 1696 1640 1680 1677 1656 1678 1737 1709 1673 1722
 1719 1703 1699 1701 1717 1739 1684 1733 1725 1647 1731 1730 1694 1657
 1767 1653 1696 1686 1663 1734 1701 1661 1635 1752 1717 1658 1670 1712
 1722 1744 1713 1671 1699 1696 1715 1698]
support:[1636 1722 1715 1670 1679 1737 1728 1696 1693 1671 1728 1709 1699 1740
 1708 1669 1716 1620 1710 1740 1714 1744 1725 1706 1642 1674 1751 1740
 1612 1686 1677 1653 1706 1780 1735 1729 1685 1676 1695 1674 1697 1668
 1751 1726 1720 1708 1692 1662 1665 1721]
support:[1697 1634 1686 1662 1678 1748 1654 1700 1701 1721 1760 1714 1723 1696
 1680 1707 1665 1765 1761 1708 1708 1702 1704 1702 1673 1728 1741 1638
 1686 1746 1629 1699 1672 1702 1702 1693 1637 1701 1661 1706 1759 1723
 1721 1670 1729 1689 1664 1777 1683 1695]
