support:[1699 1656 1721 1669 1659 1742 1735 1697 1706 1716]
support:[1703 1725 1718 1663 1665 1715 1689 1698 1699 1725]
support:[1654 1747 1690 1731 1720 1702 1738 1694 1653 1671]
support:[1696 1706 1721 1671 1729 1734 1683 1672 1730 1658]
support:[1718 1699 1733 1669 1736 1688 1630 1729 1671 1727]
support:[1639 1736 1701 1613 1694 1756 1750 1739 1702 1670]
support:[1709 1709 1734 1709 1676 1657 1753 1657 1712 1684]
support:[1669 1744 1675 1627 1728 1727 1723 1672 1700 1735]
support:[1670 1693 1700 1777 1672 1714 1671 1714 1695 1694]
support:[1667 1718 1722 1697 1716 1737 1726 1680 1680 1657]
