support:[1680 1646 1648 1714 1773 1687 1655 1731 1752 1710 1704 1726 1676 1779
 1683 1662 1675 1684 1718 1722 1676 1723 1709 1728 1745 1666 1692 1628
 1649 1687 1776 1748 1683 1727 1713 1725 1699 1625 1659 1720 1643 1670
 1735 1656 1696 1743 1721 1699 1686 1748]
support:[1706 1743 1660 1645 1675 1691 1721 1711 1758 1715 1719 1685 1694 1727
 1711 1640 1672 1724 1685 1715 1705 1645 1695 1701 1686 1733 1679 1703
 1694 1696 1686 1721 1797 1729 1671 1698 1666 1635 1726 1691 1708 1684
 1702 1684 1735 1701 1719 1704 1739 1670]
support:[1693 1674 1639 1670 1756 1674 1705 1710 1693 1703 1682 1761 1672 1739
 1674 1695 1719 1652 1670 1760 1724 1676 1679 1692 1730 1676 1706 1714
 1721 1719 1650 1694 1729 1684 1674 1695 1703 1701 1718 1698 1695 1623
 1691 1752 1669 1656 1699 1805 1693 1793]
