support:[1712 1731 1720 1766 1662 1739 1677 1711 1708 1707 1685 1677 1715 1733
 1709 1726 1654 1723 1730 1669 1667 1710 1692 1660 1710 1723 1711 1687
 1726 1718 1721 1680 1757 1662 1718 1658 1661 1723 1708 1636 1764 1616
 1677 1722 1686 1701 1703 1745 1651 1653]
support:[1670 1769 1706 1668 1689 1711 1662 1702 1705 1695 1648 1662 1714 1742
 1693 1725 1703 1722 1669 1731 1721 1677 1660 1749 1677 1687 1668 1666
 1703 1698 1710 1682 1672 1684 1691 1700 1649 1721 1758 1654 1692 1714
 1748 1714 1697 1733 1740 1721 1738 1690]
support:[1693 1676 1647 1680 1709 1676 1715 1701 1689 1651 1703 1732 1657 1707
 1686 1758 1726 1661 1702 1739 1675 1722 1642 1682 1719 1664 1706 1681
 1653 1688 1657 1693 1728 1716 1737 1725 1706 1752 1699 1727 1726 1725
 1730 1699 1693 1708 1724 1735 1669 1711]
support:[1721 1689 1718 1647 1699 1649 1706 1758 1718 1684 1699 1774 1773 1694
 1702 1742 1704 1688 1721 1676 1751 1654 1670 1743 1728 1639 1645 1669
 1726 1731 1746 1703 1719 1723 1698 1651 1667 1652 1729 1743 1697 1682
 1705 1672 1651 1671 1723 1727 1673 1650]
support:[1732 1656 1706 1691 1680 1690 1719 1684 1657 1728 1751 1707 1702 1702
 1657 1685 1790 1704 1685 1710 1621 1723 1664 1663 1729 1718 1682 1727
 1760 1687 1626 1754 1711 1729 1689 1679 1685 1724 1742 1632 1680 1722
 1736 1653 1736 1730 1669 1732 1637 1724]
support:[1739 1677 1682 1688 1732 1674 1756 1777 1716 1659 1707 1745 1702 1668
 1726 1676 1716 1704 1683 1691 1655 1684 1746 1718 1628 1652 1653 1698
 1725 1702 1647 1673 1734 1730 1682 1755 1693 1686 1693 1750 1714 1685
 1748 1682 1629 1693 1689 1696 1702 1740]
support:[1716 1703 1724 1737 1694 1730 1718 1701 1700 1683 1736 1718 1711 1731
 1707 1718 1677 1661 1637 1668 1679 1702 1684 1760 1674 1720 1727 1706
 1714 1671 1710 1717 1667 1710 1648 1675 1759 1703 1645 1657 1675 1691
 1679 1647 1672 1735 1699 1772 1746 1686]
support:[1628 1731 1665 1789 1747 1696 1658 1714 1669 1694 1697 1673 1656 1678
 1739 1716 1678 1727 1705 1655 1659 1788 1735 1622 1711 1705 1693 1723
 1666 1722 1703 1731 1683 1709 1693 1709 1688 1743 1685 1719 1752 1694
 1709 1685 1688 1628 1733 1702 1728 1679]
support:[1639 1675 1722 1689 1728 1625 1697 1699 1699 1723 1667 1698 1684 1669
 1721 1760 1652 1767 1748 1756 1702 1669 1661 1617 1650 1688 1708 1716
 1723 1693 1746 1763 1722 1707 1773 1628 1737 1759 1666 1662 1724 1722
 1662 1771 1686 1679 1719 1644 1673 1712]
