support:[1671 1690 1701 1648 1708 1642 1695 1738 1707 1640 1775 1709 1687 1722
 1738 1686 1697 1691 1685 1694 1659 1625 1726 1684 1707 1752 1673 1692
 1717 1658 1704 1707 1731 1728 1749 1704 1692 1698 1737 1723 1710 1704
 1675 1683 1736 1674 1694 1694 1697 1743]
support:[1710 1677 1648 1724 1748 1727 1717 1706 1734 1672 1722 1671 1744 1688
 1748 1673 1775 1689 1728 1703 1677 1669 1718 1653 1697 1696 1751 1713
 1681 1696 1689 1614 1712 1646 1671 1602 1699 1692 1756 1677 1708 1697
 1734 1691 1707 1703 1682 1701 1740 1724]
support:[1698 1720 1719 1690 1668 1754 1652 1707 1724 1657 1709 1675 1709 1709
 1724 1769 1671 1663 1725 1726 1663 1742 1659 1657 1720 1748 1733 1708
 1690 1745 1682 1702 1671 1657 1697 1754 1700 1657 1723 1654 1680 1699
 1668 1709 1696 1663 1724 1679 1684 1767]
support:[1705 1673 1703 1695 1733 1679 1687 1722 1665 1669 1708 1666 1669 1673
 1719 1754 1795 1719 1732 1674 1690 1678 1728 1754 1720 1763 1667 1710
 1695 1639 1651 1652 1694 1644 1710 1742 1682 1710 1741 1693 1677 1666
 1776 1726 1700 1681 1711 1638 1754 1668]
support:[1715 1684 1717 1692 1684 1674 1715 1697 1711 1722 1696 1638 1710 1700
 1677 1699 1702 1714 1705 1699 1684 1711 1739 1709 1675 1710 1660 1721
 1668 1683 1707 1704 1711 1705 1687 1693 1697 1706 1691 1698 1698 1676
 1691 1697 1725 1697 1714 1756 1745 1691]
support:[1713 1673 1707 1690 1738 1675 1646 1723 1626 1656 1696 1753 1687 1754
 1673 1738 1712 1732 1717 1743 1679 1665 1775 1753 1731 1734 1677 1685
 1695 1650 1734 1694 1718 1737 1653 1700 1712 1693 1686 1666 1727 1661
 1723 1687 1720 1708 1582 1743 1691 1669]
support:[1713 1736 1704 1653 1657 1683 1729 1725 1619 1646 1742 1709 1684 1689
 1725 1738 1700 1767 1701 1709 1756 1782 1711 1713 1719 1723 1697 1668
 1687 1686 1747 1708 1678 1694 1679 1714 1695 1737 1702 1673 1724 1662
 1687 1747 1669 1653 1691 1654 1611 1704]
support:[1658 1711 1682 1688 1653 1765 1694 1674 1700 1696 1742 1700 1685 1718
 1772 1721 1652 1653 1659 1706 1779 1731 1711 1761 1687 1683 1664 1695
 1699 1702 1752 1704 1684 1699 1696 1769 1673 1691 1700 1730 1693 1616
 1696 1691 1664 1720 1665 1715 1699 1702]
support:[1684 1692 1702 1635 1710 1630 1754 1671 1647 1737 1671 1725 1691 1731
 1757 1704 1690 1741 1722 1674 1738 1667 1716 1724 1682 1715 1634 1657
 1736 1718 1698 1714 1748 1714 1675 1773 1695 1712 1711 1690 1686 1649
 1623 1705 1722 1710 1707 1703 1715 1695]
support:[1723 1713 1661 1632 1660 1696 1760 1688 1695 1710 1631 1717 1746 1677
 1687 1718 1727 1705 1687 1729 1665 1726 1690 1654 1679 1624 1731 1670
 1686 1714 1675 1675 1707 1693 1687 1736 1738 1706 1755 1715 1681 1671
 1662 1804 1710 1748 1733 1699 1708 1696]
