fscore:[0.37754386 0.04639175 0.01420959 0.23053589 0.00493827]
fscore:[0.36029412 0.1443299  0.16804408 0.08739496 0.02926829]
fscore:[0.24114833 0.08615385 0.02       0.398142   0.00508906]
fscore:[0.22064057 0.19769674 0.16858238 0.1025641  0.14343708]
fscore:[0.10641628 0.07407407 0.0233463  0.10526316 0.4152381 ]
fscore:[0.37940896 0.125      0.27551867 0.1969112  0.18095238]
fscore:[0.01405152 0.01360544 0.43276036 0.07287449 0.08665511]
fscore:[0.05594406 0.28794788 0.18862275 0.31563845 0.        ]
fscore:[0.07090103 0.14318707 0.41671642 0.08988764 0.1037037 ]
fscore:[0.35732984 0.11838006 0.14117647 0.2605753  0.01666667]
