fscore:[0.         0.27532468 0.         0.17142857 0.        ]
fscore:[0.         0.50319829 0.         0.         0.07692308]
fscore:[0.         0.01408451 0.         0.         0.01164483]
fscore:[0.06362379 0.         0.0060423  0.         0.        ]
fscore:[0.68627451 0.56081081 0.         0.         0.8372093 ]
fscore:[0.         0.         0.         0.17765814 0.84848485]
fscore:[0.0913242  0.         0.00615385 0.125      0.        ]
fscore:[0.70454545 0.42818428 0.         0.         0.02578269]
fscore:[0.02527076 0.         0.         0.26548673 0.        ]
fscore:[0.         0.12063492 0.63224447 0.02197802 0.        ]
