fscore:[0.30090634 0.10795455 0.36981934 0.04535147 0.00524934]
fscore:[0.09583333 0.00699301 0.16964286 0.04736842 0.26994681]
fscore:[0.26981707 0.28082192 0.28396573 0.05614035 0.0698152 ]
fscore:[0.14806867 0.02390438 0.54256527 0.35409836 0.32662722]
fscore:[0.13404826 0.01904762 0.13333333 0.29273504 0.06641124]
fscore:[0.18362832 0.09737828 0.05668016 0.22680412 0.00982801]
fscore:[0.2037037  0.01973684 0.02469136 0.29257398 0.01847575]
fscore:[0.37082067 0.06356968 0.03995006 0.08278867 0.24968153]
fscore:[0.06466513 0.24703557 0.01652893 0.09330629 0.32789318]
fscore:[0.2689295  0.02033898 0.18571429 0.10093458 0.40520446]
