fscore:[0.18627451 0.02312139 0.14610069 0.14965986 0.17011996]
fscore:[0.06896552 0.21171489 0.04538578 0.         0.21694915]
fscore:[0.01629328 0.08588957 0.43389423 0.32720588 0.17182131]
fscore:[0.15384615 0.01459854 0.22169059 0.11220196 0.05581395]
fscore:[0.32735776 0.29437229 0.00420168 0.03636364 0.        ]
fscore:[0.29711375 0.14428858 0.13675214 0.51959361 0.21245421]
fscore:[0.0201005  0.09029345 0.00856531 0.07925408 0.34727004]
fscore:[0.0862069  0.33224044 0.32212389 0.25889047 0.17562724]
fscore:[0.27586207 0.06872852 0.13169985 0.01578947 0.11242604]
fscore:[0.01405152 0.11967779 0.05901639 0.27279937 0.11608624]
