fscore:[0.         0.         0.59502488 0.         0.        ]
fscore:[0.         0.         0.62941176 0.         0.12903226]
fscore:[0.         0.         0.62103175 0.02985075 0.48275862]
fscore:[0.         0.         0.63414634 0.         0.86666667]
fscore:[0.         0.         0.64646465 0.         0.85714286]
fscore:[0.         0.         0.63709677 0.         0.90909091]
fscore:[0.         0.         0.62721893 0.02941176 0.33333333]
fscore:[0.         0.         0.60817547 0.         0.        ]
fscore:[0.         0.         0.61462451 0.05405405 0.        ]
fscore:[0.         0.         0.64880383 0.         0.        ]
