fscore:[0.13457944 0.18021201 0.42210526 0.01570681 0.01550388]
fscore:[0.21823204 0.11235955 0.40245776 0.25333333 0.39445629]
fscore:[0.2775     0.07424594 0.16633663 0.34122042 0.11570248]
fscore:[0.11211573 0.18318695 0.21546261 0.02710027 0.3977813 ]
fscore:[0.4202454  0.30790569 0.02857143 0.12413793 0.07924528]
fscore:[0.1129326  0.07722008 0.21169916 0.14495798 0.43368829]
fscore:[0.05649718 0.05684755 0.20178042 0.2573471  0.14581066]
fscore:[0.06008584 0.10215054 0.29444009 0.14424411 0.13062099]
fscore:[0.05008945 0.1978022  0.01709402 0.06493506 0.33659942]
fscore:[0.15465729 0.06593407 0.3193658  0.27364185 0.00431965]
