fscore:[0.23404255 0.16150082 0.01890359 0.18777943 0.00990099]
fscore:[0.19633508 0.15068493 0.03597122 0.3401487  0.12151899]
fscore:[0.07305936 0.06883365 0.27939142 0.1208981  0.36894492]
fscore:[0.34026746 0.22720898 0.18604651 0.09892473 0.22580645]
fscore:[0.04576659 0.08842105 0.00419287 0.07329843 0.34617309]
fscore:[0.12389381 0.08695652 0.27771011 0.21475257 0.17883756]
fscore:[0.02369668 0.03623188 0.04955752 0.05277045 0.34680451]
fscore:[0.01897533 0.06175772 0.26326964 0.12937063 0.07608696]
fscore:[0.15322581 0.0408998  0.28405423 0.28493894 0.12825651]
fscore:[0.27459459 0.06896552 0.10084034 0.34790698 0.24966079]
