fscore:[0.25184094 0.21135029 0.08709176 0.17927171 0.03308824]
fscore:[0.27083333 0.25493716 0.08846154 0.03351955 0.04608295]
fscore:[0.34157303 0.         0.00835073 0.00569801 0.05057471]
fscore:[0.05816555 0.23918575 0.00409836 0.18020679 0.21865889]
fscore:[0.10378682 0.26280624 0.02061856 0.10943396 0.12374101]
fscore:[0.02298851 0.17862372 0.41066998 0.41717791 0.        ]
fscore:[0.16374269 0.04627249 0.16906946 0.10769231 0.        ]
fscore:[0.15890411 0.0130719  0.04089219 0.25019186 0.16287879]
fscore:[0.13946117 0.21276596 0.1452514  0.05050505 0.02521008]
fscore:[0.22535211 0.00653595 0.4045584  0.21414538 0.2450675 ]
