fscore:[0.98630137 0.56438356 0.80297398 0.9        0.76595745]
fscore:[0.98412698 0.40336134 0.70023419 0.         0.71232877]
fscore:[0.98360656 0.34920635 0.75180723 0.84146341 0.42857143]
fscore:[0.96969697 0.53333333 0.78901373 0.91176471 0.7755102 ]
fscore:[0.90566038 0.77060134 0.82522996 0.         0.65882353]
fscore:[0.86666667 0.72888889 0.83772538 0.82051282 0.        ]
fscore:[1.         0.66216216 0.78830084 0.83333333 0.        ]
fscore:[1.         0.70379747 0.83765348 0.94366197 0.90625   ]
fscore:[1.         0.74463007 0.85714286 0.91428571 0.62068966]
fscore:[0.96875    0.76851852 0.8655914  0.86764706 0.55555556]
