fscore:[0.11851852 0.31481481 0.26041667 0.0822898  0.06813627]
fscore:[0.19407559 0.06214689 0.42979565 0.07329843 0.06319703]
fscore:[0.22377622 0.19477006 0.         0.32321041 0.18518519]
fscore:[0.15140045 0.07692308 0.04735883 0.16464238 0.08553459]
fscore:[0.1331058  0.13869626 0.1507177  0.25333333 0.12131716]
fscore:[0.39326702 0.00655738 0.         0.31420508 0.13312693]
fscore:[0.00995025 0.2362069  0.17647059 0.16744186 0.02649007]
fscore:[0.07939509 0.06017699 0.32304662 0.12987013 0.14182344]
fscore:[0.18870968 0.04043546 0.29705882 0.0896861  0.16356877]
fscore:[0.29342327 0.04246285 0.10861423 0.38785504 0.10048622]
