fscore:[1.         0.79746835 0.86002886 0.91891892 0.86666667]
fscore:[0.98181818 0.67331671 0.83028721 0.95238095 0.8372093 ]
fscore:[1.         0.40356083 0.73635308 0.28571429 0.68421053]
fscore:[1.         0.05992509 0.71040724 0.864      0.82352941]
fscore:[0.93333333 0.50424929 0.76097561 0.         0.53191489]
fscore:[0.98360656 0.15498155 0.73434125 0.         0.47191011]
fscore:[1.         0.67678959 0.78499278 0.86390533 0.        ]
fscore:[1.         0.41717791 0.76332094 0.96402878 0.94444444]
fscore:[0.96875    0.78151261 0.84900285 0.74820144 0.        ]
fscore:[0.96428571 0.82824427 0.86196319 0.94814815 0.88888889]
