fscore:[0.22222222 0.13407821 0.004158   0.12084592 0.3362256 ]
fscore:[0.01542416 0.22568093 0.00424628 0.36726547 0.38521837]
fscore:[0.28746177 0.04069767 0.31083481 0.29585799 0.10548523]
fscore:[0.11831627 0.01302932 0.34549878 0.26460072 0.078125  ]
fscore:[0.13793103 0.17623498 0.31432545 0.23455497 0.14070352]
fscore:[0.11965812 0.02272727 0.25404531 0.1300813  0.30733411]
fscore:[0.04716981 0.049217   0.03098592 0.12347826 0.44658325]
fscore:[0.00966184 0.0137457  0.22315789 0.03712297 0.27626137]
fscore:[0.28846154 0.09638554 0.30625    0.03180915 0.01927711]
fscore:[0.15757576 0.23309609 0.02689076 0.12727273 0.04240283]
