fscore:[0.95       0.93700787 0.95545315 0.94017094 0.89285714]
fscore:[0.9375     0.76082005 0.85871056 0.93233083 0.85106383]
fscore:[0.95774648 0.78681319 0.8591954  0.89855072 0.84615385]
fscore:[0.95384615 0.83984375 0.8620155  0.89361702 0.85714286]
fscore:[0.95652174 0.81147541 0.86455331 0.7972028  0.3902439 ]
fscore:[0.98360656 0.78571429 0.85793872 0.76129032 0.        ]
fscore:[0.94285714 0.4        0.68139535 0.         0.8852459 ]
fscore:[0.95522388 0.66666667 0.82352941 0.89230769 0.82352941]
fscore:[0.96774194 0.84040404 0.87724551 0.87671233 0.63414634]
fscore:[0.95774648 0.83783784 0.89842632 0.89208633 0.77966102]
