fscore:[0.33354797 0.12461059 0.11806375 0.06988353 0.01339286]
fscore:[0.00480769 0.17731959 0.25901639 0.24951267 0.07383628]
fscore:[0.18127786 0.13192612 0.32828283 0.22044444 0.15480649]
fscore:[0.30204082 0.09881423 0.25472888 0.27054362 0.23142857]
fscore:[0.12219959 0.17725753 0.23697917 0.23069208 0.00470588]
fscore:[0.23231441 0.29281768 0.         0.0867679  0.18669315]
fscore:[0.36506024 0.1442623  0.27868852 0.01749271 0.        ]
fscore:[0.29673913 0.         0.07407407 0.26530612 0.03628118]
fscore:[0.30035757 0.175      0.23484848 0.32746114 0.07166124]
fscore:[0.21940928 0.25743855 0.27688172 0.04407713 0.02463054]
