fscore:[0.33714722 0.17841727 0.33995037 0.18079096 0.0234192 ]
fscore:[0.25661117 0.08801956 0.19457735 0.28831563 0.01012658]
fscore:[0.         0.19679634 0.40082079 0.18336163 0.06320542]
fscore:[0.00503778 0.07329843 0.42958748 0.16054654 0.02898551]
fscore:[0.17745803 0.12394366 0.28695652 0.20113544 0.11550152]
fscore:[0.00947867 0.19888129 0.06552262 0.17960426 0.02721088]
fscore:[0.30482115 0.21771612 0.         0.03455724 0.18211921]
fscore:[0.09475465 0.1035503  0.22222222 0.31585845 0.02926829]
fscore:[0.06060606 0.20484581 0.01304348 0.18129496 0.14191419]
fscore:[0.11497326 0.         0.10648918 0.24215247 0.25083612]
