fscore:[0.02409639 0.15143603 0.34192673 0.28867761 0.38033395]
fscore:[0.00977995 0.09418283 0.40288925 0.25515055 0.06910569]
fscore:[0.26110124 0.14754098 0.00854701 0.31968811 0.14444444]
fscore:[0.10869565 0.06118547 0.06866002 0.15577889 0.35960591]
fscore:[0.14579055 0.01208459 0.46031746 0.17275748 0.19649123]
fscore:[0.21770092 0.00682594 0.39566929 0.35991379 0.06909091]
fscore:[0.01980198 0.34238787 0.17582418 0.1416804  0.07619048]
fscore:[0.31780366 0.27783064 0.025      0.04750594 0.14285714]
fscore:[0.17322835 0.04545455 0.16704289 0.12045169 0.02357564]
fscore:[0.06304729 0.04444444 0.26611227 0.14483821 0.03153153]
