fscore:[1.         0.84647303 0.89306358 0.94339623 0.90322581]
fscore:[1.         0.71724138 0.83127572 0.95238095 0.9       ]
fscore:[1.         0.63636364 0.80431849 0.93430657 0.85294118]
fscore:[0.93333333 0.82598608 0.90168539 0.94736842 0.8852459 ]
fscore:[0.95652174 0.85897436 0.90909091 0.90322581 0.79310345]
fscore:[1.         0.74537037 0.85254692 0.97709924 0.93617021]
fscore:[0.98666667 0.76712329 0.85425685 0.94285714 0.87878788]
fscore:[0.98630137 0.85957447 0.90620491 0.9516129  0.88461538]
fscore:[0.88235294 0.775      0.88948787 0.94444444 0.86206897]
fscore:[1.         0.84166667 0.89385475 0.9380531  0.85714286]
