fscore:[0.         0.         0.68162393 0.82119205 0.        ]
fscore:[0.         0.         0.67822319 0.78709677 0.06666667]
fscore:[0.         0.         0.69482577 0.87179487 0.        ]
fscore:[0.         0.         0.68510638 0.83116883 0.        ]
fscore:[0.         0.         0.69762419 0.84042553 0.        ]
fscore:[0.         0.         0.68475992 0.8030303  0.        ]
fscore:[0.         0.         0.66666667 0.81690141 0.        ]
fscore:[0.         0.         0.68669528 0.88311688 0.19047619]
fscore:[0.         0.         0.66954644 0.8447205  0.        ]
fscore:[0.         0.         0.68335147 0.82022472 0.        ]
