fscore:[0.08571429 0.12334802 0.00821355 0.09145129 0.39776259]
fscore:[0.16042781 0.03524229 0.33267587 0.04819277 0.27838828]
fscore:[0.05679513 0.2791587  0.22222222 0.25655172 0.        ]
fscore:[0.02515723 0.27072758 0.18238994 0.15338645 0.02972399]
fscore:[0.02427184 0.37442922 0.09725686 0.316142   0.        ]
fscore:[0.25029797 0.12328767 0.02070393 0.04215457 0.36681223]
fscore:[0.27845036 0.28663793 0.3019943  0.13953488 0.14982164]
fscore:[0.15581098 0.09070295 0.08587258 0.10358566 0.22087746]
fscore:[0.07264957 0.24958124 0.20193638 0.27146172 0.04206501]
fscore:[0.28708134 0.29422275 0.         0.03037975 0.01459854]
