fscore:[0.39856373 0.00626959 0.00877193 0.11438475 0.16064257]
fscore:[0.26179987 0.05333333 0.11796982 0.03203661 0.18125   ]
fscore:[0.         0.19782214 0.07131783 0.07962529 0.22577928]
fscore:[0.25556858 0.         0.01276596 0.09756098 0.32774194]
fscore:[0.3147541  0.06432749 0.13865147 0.13104524 0.0155642 ]
fscore:[0.124      0.075      0.24681685 0.19039301 0.23717949]
fscore:[0.08695652 0.03478261 0.0334728  0.10617284 0.29023747]
fscore:[0.1006865  0.03896104 0.03137255 0.3543578  0.03887689]
fscore:[0.17504655 0.10714286 0.26886145 0.34840426 0.0813253 ]
fscore:[0.04444444 0.2954796  0.25322997 0.22137405 0.10300429]
