fscore:[0.33853541 0.08551069 0.11433447 0.01587302 0.14678899]
fscore:[0.38095238 0.12356979 0.31546392 0.07582938 0.22094361]
fscore:[0.06225681 0.06619385 0.10457516 0.20171265 0.15752461]
fscore:[0.34922335 0.06060606 0.01355932 0.33511586 0.02369668]
fscore:[0.         0.35084883 0.         0.00740741 0.15494212]
fscore:[0.16323166 0.19644369 0.01639344 0.02122016 0.05088063]
fscore:[0.29991575 0.24561404 0.24470135 0.17657046 0.14      ]
fscore:[0.34963161 0.02253521 0.01972387 0.348      0.15956284]
fscore:[0.11166253 0.15686275 0.23198847 0.06220096 0.01801802]
fscore:[0.17725753 0.12266667 0.28374656 0.27676894 0.08016878]
