fscore:[0.        0.        0.6500956 0.        0.       ]
fscore:[0.        0.        0.6344294 0.        0.       ]
fscore:[0.         0.         0.62109375 0.         0.        ]
fscore:[0.         0.         0.62378168 0.         0.        ]
fscore:[0.         0.         0.62243902 0.         0.        ]
fscore:[0.         0.         0.60612043 0.         0.        ]
fscore:[0.        0.        0.6129666 0.        0.       ]
fscore:[0.         0.         0.62645914 0.         0.        ]
fscore:[0.         0.         0.63837994 0.         0.        ]
fscore:[0.         0.         0.64230769 0.         0.        ]
