fscore:[0.11842105 0.08353808 0.26338894 0.35174172 0.02277904]
fscore:[0.07582938 0.22713258 0.         0.02386635 0.08543689]
fscore:[0.34104046 0.14861996 0.31928049 0.03764706 0.0248139 ]
fscore:[0.04       0.05189189 0.08163265 0.10833333 0.20151134]
fscore:[0.00970874 0.27160494 0.13907285 0.33532934 0.05150215]
fscore:[0.39268293 0.00647249 0.35837507 0.08016878 0.00540541]
fscore:[0.05773196 0.20746888 0.02547771 0.26484018 0.10116732]
fscore:[0.01970443 0.04605263 0.12885154 0.2027027  0.34656489]
fscore:[0.09857328 0.08474576 0.25723473 0.0302267  0.08923077]
fscore:[0.31084337 0.         0.17578125 0.19590383 0.11262136]
