fscore:[0.0807601  0.37398374 0.05446293 0.20808081 0.19872611]
fscore:[0.29310345 0.03370787 0.06329114 0.15841584 0.24968153]
fscore:[0.29172142 0.01408451 0.07329843 0.13975155 0.37533156]
fscore:[0.17640321 0.07567568 0.16587678 0.15816327 0.19799778]
fscore:[0.10894942 0.10763889 0.10223642 0.07244094 0.34390416]
fscore:[0.221875   0.07149404 0.125      0.03234501 0.47046414]
fscore:[0.06431853 0.05750799 0.22863028 0.22158685 0.01843318]
fscore:[0.25165563 0.21075269 0.0041841  0.01578947 0.03813559]
fscore:[0.11700183 0.         0.01750547 0.3291966  0.30416667]
fscore:[0.3090379  0.         0.09025641 0.0785124  0.17964072]
