fscore:[0.73126615 0.51851852 0.86696231 0.87136929 0.73659674]
fscore:[0.76601307 0.49209932 0.86764706 0.87858117 0.74116306]
fscore:[0.83185841 0.44880174 0.87179487 0.91631206 0.72331155]
fscore:[0.8360864  0.57606491 0.87017544 0.82025316 0.75739645]
fscore:[0.82038217 0.59591837 0.89552239 0.86845466 0.73901809]
fscore:[0.83944374 0.67052023 0.89565217 0.91354467 0.80851064]
fscore:[0.82926829 0.56420233 0.9        0.91172596 0.72792363]
fscore:[0.79430789 0.51801802 0.86166843 0.89373297 0.71788991]
fscore:[0.78997613 0.57017544 0.85616438 0.88804071 0.75675676]
fscore:[0.79245283 0.47169811 0.85097192 0.87839771 0.72786177]
