fscore:[0.         0.17460317 0.17789757 0.05970149 0.1260745 ]
fscore:[0.11764706 0.05263158 0.5879397  0.         0.17142857]
fscore:[0.34482759 0.17391304 0.00584795 0.         0.0702403 ]
fscore:[0.04597701 0.         0.25629291 0.19753086 0.        ]
fscore:[0.0046729  0.16172507 0.28450106 0.         0.14285714]
fscore:[0.04888889 0.09302326 0.10232558 0.04651163 0.05882353]
fscore:[0.00956938 0.         0.01197605 0.18894831 0.25531915]
fscore:[0.04642857 0.00611621 0.         0.04918033 0.08      ]
fscore:[0.         0.15544041 0.01101928 0.17996604 0.        ]
fscore:[0.         0.         0.         0.18818381 0.        ]
