fscore:[0.03964758 0.00701754 0.3814978  0.01098901 0.        ]
fscore:[0.03724395 0.3029316  0.01945525 0.26442659 0.20108696]
fscore:[0.25508059 0.19124797 0.         0.09764919 0.12268188]
fscore:[0.136      0.08566722 0.34417129 0.0864486  0.26373626]
fscore:[0.2300406  0.06982544 0.30640084 0.09395973 0.35609756]
fscore:[0.24237805 0.18556701 0.35952381 0.27210884 0.00502513]
fscore:[0.26938776 0.09791478 0.15797317 0.00530504 0.        ]
fscore:[0.0494382  0.02054795 0.34586466 0.12571429 0.01559454]
fscore:[0.01452785 0.25356125 0.47950311 0.21505376 0.01522843]
fscore:[0.09893048 0.20732984 0.22420635 0.27619048 0.02331002]
