fscore:[0.         0.         0.62378168 0.         0.        ]
fscore:[0.         0.         0.63045587 0.         0.        ]
fscore:[0.         0.         0.63969171 0.         0.        ]
fscore:[0.        0.        0.6344294 0.        0.       ]
fscore:[0.        0.        0.6344294 0.        0.       ]
fscore:[0.         0.         0.63706564 0.         0.        ]
fscore:[0.         0.         0.61568627 0.         0.        ]
fscore:[0.        0.        0.6552381 0.        0.       ]
fscore:[0.         0.         0.62378168 0.         0.        ]
fscore:[0.         0.         0.63310745 0.         0.        ]
