fscore:[0.86219975 0.78659612 0.92756757 0.92372881 0.85494223]
fscore:[0.85459184 0.81972789 0.89274106 0.91011236 0.87811271]
fscore:[0.87791495 0.79787234 0.91147541 0.94972067 0.87943262]
fscore:[0.84482759 0.75373134 0.8973545  0.91233284 0.84825871]
fscore:[0.85562914 0.73818182 0.92339979 0.92090395 0.83084577]
fscore:[0.8828125  0.80532446 0.91908714 0.94492754 0.854083  ]
fscore:[0.85674931 0.80500894 0.91248771 0.91960508 0.8801054 ]
fscore:[0.84482759 0.7848537  0.91745037 0.91253644 0.86648501]
fscore:[0.86764706 0.75       0.90517241 0.91052632 0.85089974]
fscore:[0.87455197 0.76377953 0.91806958 0.91655267 0.83935243]
