fscore:[0.07508532 0.07185629 0.1689441  0.04195804 0.31559406]
fscore:[0.07158837 0.10967099 0.28518173 0.10144928 0.11798561]
fscore:[0.05164319 0.16608997 0.33371958 0.22644377 0.10221465]
fscore:[0.17091454 0.13586957 0.30962963 0.05394191 0.19047619]
fscore:[0.05295316 0.01980198 0.3193096  0.21714286 0.10194175]
fscore:[0.07317073 0.10169492 0.0203252  0.32749859 0.20930233]
fscore:[0.00475059 0.15047619 0.14992026 0.20107239 0.412527  ]
fscore:[0.         0.25550661 0.         0.13241379 0.09405941]
fscore:[0.01459854 0.16282642 0.22112211 0.06741573 0.29464286]
fscore:[0.23007064 0.25827815 0.1489899  0.12134831 0.18661258]
