fscore:[0.         0.995338   0.97246127 0.72020504 0.99667975 0.99617984
 0.62015216 0.99682906 0.99735216 0.        ]
fscore:[0.         0.         0.         0.35196899 0.63764922 0.94055637
 0.99083112 0.9888301  0.         0.        ]
fscore:[0.         0.         0.         0.         0.         0.22281756
 0.         0.84371876 0.         0.        ]
fscore:[0.         0.         0.         0.49940618 0.         0.
 0.32824276 0.73200677 0.         0.        ]
fscore:[0.         0.         0.         0.9961321  0.         0.
 0.64513572 0.50104012 0.99090109 0.98948565]
fscore:[0.99764844 0.99767981 0.99734592 0.99674267 0.         0.
 0.99882698 0.99884593 0.         0.39245014]
fscore:[0.         0.58737864 0.         0.90035685 0.         0.
 0.27342332 0.         0.         0.        ]
