fscore:[0.99728834 0.99853844 0.99708625 0.99850702 0.99211679 0.99763454
 0.99910581 0.9981982  0.99681989 0.9974041  0.99852464 0.99760909
 0.99676375 0.96273806 0.88088088 0.99730297 0.99826389 0.99910794
 0.9544812  0.99854185 0.99912409 0.99703264 0.99667975 0.99675037
 0.99685445 0.99729811 0.99531342 0.99647059 0.99848439 0.99883382
 0.99617309 0.99735683 0.99709808 0.99616632 0.99851235 0.07825086
 0.9985088  0.99714286 0.99790482 0.66181389 0.99528302 0.67782427
 0.99647681 0.99792961 0.99673881 0.99852027 0.         0.90409483
 0.99711816 0.99797043]
fscore:[0.84594954 0.99763872 0.99790482 0.99731423 0.         0.99848347
 0.99910741 0.99817185 0.40233862 0.99793449 0.99793327 0.99735838
 0.99622642 0.         0.923922   0.99702381 0.99799024 0.99795501
 0.99138426 0.99856198 0.66055404 0.99758454 0.99679394 0.66955324
 0.99601594 0.99686699 0.88170949 0.99850344 0.99909063 0.99885387
 0.99617759 0.9969752  0.99795978 0.99728179 0.99883991 0.99708964
 0.9991246  0.         0.99825378 0.99704666 0.99585799 0.99617309
 0.99698614 0.00592417 0.         0.99881023 0.99568345 0.99941793
 0.99596542 0.99709302]
