fscore:[0.         0.         0.         0.         0.         0.
 0.         0.         0.         0.         0.         0.
 0.         0.         0.         0.         0.         0.
 0.         0.         0.         0.         0.         0.
 0.         0.         0.         0.         0.         0.
 0.         0.         0.         0.         0.         0.
 0.         0.         0.         0.         0.03907998 0.
 0.         0.         0.         0.         0.         0.
 0.         0.        ]
fscore:[0.        0.        0.        0.        0.        0.        0.
 0.        0.        0.        0.        0.        0.        0.
 0.        0.        0.        0.0396905 0.        0.        0.
 0.        0.        0.        0.        0.        0.        0.
 0.        0.        0.        0.        0.        0.        0.
 0.        0.        0.        0.        0.        0.        0.
 0.        0.        0.        0.        0.        0.        0.
 0.       ]
fscore:[0.         0.03932876 0.         0.         0.         0.
 0.         0.         0.         0.         0.         0.
 0.         0.         0.         0.         0.         0.
 0.         0.         0.         0.         0.         0.
 0.         0.         0.         0.         0.         0.
 0.         0.         0.         0.         0.         0.
 0.         0.         0.         0.         0.         0.
 0.         0.         0.         0.         0.         0.
 0.         0.        ]
fscore:[0.         0.         0.         0.         0.         0.
 0.         0.03991652 0.         0.         0.         0.
 0.         0.         0.         0.         0.         0.
 0.         0.         0.         0.         0.         0.
 0.         0.         0.         0.         0.         0.
 0.         0.         0.         0.         0.         0.
 0.         0.         0.         0.         0.         0.
 0.         0.         0.         0.         0.         0.
 0.         0.        ]
fscore:[0.         0.         0.         0.         0.         0.
 0.         0.         0.         0.         0.         0.
 0.         0.         0.         0.         0.         0.
 0.         0.         0.         0.         0.         0.
 0.         0.         0.         0.         0.         0.
 0.         0.         0.         0.         0.         0.
 0.         0.         0.         0.         0.         0.
 0.         0.         0.         0.         0.         0.
 0.03883114 0.        ]
fscore:[0.         0.         0.         0.         0.         0.
 0.         0.         0.         0.         0.         0.
 0.         0.         0.         0.         0.         0.
 0.         0.         0.         0.         0.         0.
 0.         0.         0.04054911 0.         0.         0.
 0.         0.         0.         0.         0.         0.
 0.         0.         0.         0.         0.         0.
 0.         0.         0.         0.         0.         0.
 0.         0.        ]
fscore:[0.        0.        0.        0.        0.        0.        0.
 0.0396679 0.        0.        0.        0.        0.        0.
 0.        0.        0.        0.        0.        0.        0.
 0.        0.        0.        0.        0.        0.        0.
 0.        0.        0.        0.        0.        0.        0.
 0.        0.        0.        0.        0.        0.        0.
 0.        0.        0.        0.        0.        0.        0.
 0.       ]
fscore:[0.         0.         0.         0.         0.         0.
 0.         0.         0.         0.         0.         0.
 0.         0.         0.         0.         0.         0.
 0.         0.         0.         0.         0.         0.
 0.         0.         0.         0.         0.         0.
 0.         0.         0.         0.         0.         0.03905736
 0.         0.         0.         0.         0.         0.
 0.         0.         0.         0.         0.         0.
 0.         0.        ]
fscore:[0.        0.        0.        0.        0.        0.        0.
 0.        0.        0.        0.        0.0389895 0.        0.
 0.        0.        0.        0.        0.        0.        0.
 0.        0.        0.        0.        0.        0.        0.
 0.        0.        0.        0.        0.        0.        0.
 0.        0.        0.        0.        0.        0.        0.
 0.        0.        0.        0.        0.        0.        0.
 0.       ]
fscore:[0.         0.         0.         0.         0.         0.
 0.         0.         0.         0.         0.         0.
 0.         0.         0.         0.         0.         0.
 0.         0.         0.         0.         0.         0.
 0.         0.         0.         0.         0.         0.
 0.         0.         0.         0.         0.03941921 0.
 0.         0.         0.         0.         0.         0.
 0.         0.         0.         0.         0.         0.
 0.         0.        ]
