fscore:[0.         0.         0.         0.         0.         0.
 0.         0.         0.18045596 0.        ]
fscore:[0.         0.         0.         0.         0.18540855 0.
 0.         0.         0.         0.        ]
fscore:[0.       0.       0.176357 0.       0.       0.       0.       0.
 0.       0.      ]
fscore:[0.         0.         0.         0.         0.         0.
 0.         0.         0.         0.17850638]
fscore:[0.         0.         0.         0.         0.         0.
 0.         0.18084537 0.         0.        ]
fscore:[0.         0.         0.         0.         0.         0.18502109
 0.         0.         0.         0.        ]
fscore:[0.         0.         0.18240137 0.         0.         0.
 0.         0.         0.         0.        ]
fscore:[0.         0.         0.         0.         0.         0.18016379
 0.         0.         0.         0.        ]
fscore:[0.         0.         0.         0.         0.18104002 0.
 0.         0.         0.         0.        ]
fscore:[0.        0.        0.        0.        0.        0.        0.
 0.        0.1840517 0.       ]
