fscore:[0.         0.         0.         0.         0.         0.
 0.         0.         0.         0.         0.         0.
 0.         0.         0.65615879 0.85175068 0.98087268 0.14775363
 0.         0.         0.         0.         0.         0.
 0.01469868 0.         0.         0.         0.         0.
 0.         0.10393652 0.         0.90399485 0.44429638 0.38673386
 0.         0.         0.         0.         0.         0.99412674
 0.         0.58370269 0.         0.         0.         0.49789642
 0.         0.        ]
fscore:[9.95510326e-01 9.97449702e-01 1.11607143e-03 9.97897266e-01
 6.60629921e-01 0.00000000e+00 8.49602870e-01 9.88633052e-01
 9.47134112e-01 0.00000000e+00 1.02760164e-01 9.98191682e-01
 0.00000000e+00 0.00000000e+00 3.98199692e-01 9.96509599e-01
 0.00000000e+00 8.58785304e-01 7.21288515e-01 6.68082641e-01
 6.62801932e-01 0.00000000e+00 0.00000000e+00 0.00000000e+00
 0.00000000e+00 0.00000000e+00 9.98498949e-01 8.43147208e-01
 9.92982456e-01 9.98230088e-01 6.67977970e-01 0.00000000e+00
 0.00000000e+00 0.00000000e+00 0.00000000e+00 9.96164060e-01
 9.99393204e-01 3.45423143e-03 9.94279176e-01 0.00000000e+00
 5.77034045e-04 0.00000000e+00 0.00000000e+00 0.00000000e+00
 3.44013834e-01 0.00000000e+00 9.91408935e-01 0.00000000e+00
 0.00000000e+00 9.94387001e-01]
