fscore:[0.         0.66587396 0.         0.36510983 0.         0.
 0.99643705 0.39407825 0.         0.24245874 0.         0.99709133
 0.         0.         0.         0.         0.         0.99126769
 0.91160521 0.99134948 0.         0.         0.9758229  0.
 0.         0.         0.         0.9932013  0.99912765 0.
 0.7321315  0.3426481  0.         0.         0.99849624 0.99762188
 0.99824664 0.         0.99473068 0.         0.         0.02386976
 0.00219058 0.         0.         0.99908676 0.         0.
 0.         0.9958457 ]
fscore:[0.00000000e+00 0.00000000e+00 0.00000000e+00 9.98181818e-01
 1.07781850e-03 0.00000000e+00 4.53309157e-04 6.40080972e-01
 7.98394712e-01 0.00000000e+00 8.39493671e-01 4.47086491e-01
 0.00000000e+00 0.00000000e+00 0.00000000e+00 0.00000000e+00
 0.00000000e+00 0.00000000e+00 0.00000000e+00 4.12161334e-01
 9.97671711e-01 0.00000000e+00 0.00000000e+00 0.00000000e+00
 0.00000000e+00 0.00000000e+00 9.97968070e-01 1.18378218e-03
 9.97633136e-01 6.70694864e-01 0.00000000e+00 0.00000000e+00
 0.00000000e+00 0.00000000e+00 6.43878878e-01 0.00000000e+00
 0.00000000e+00 0.00000000e+00 6.36084453e-01 0.00000000e+00
 0.00000000e+00 7.29162421e-01 9.06054280e-01 4.79271507e-04
 0.00000000e+00 3.53323548e-01 0.00000000e+00 0.00000000e+00
 0.00000000e+00 0.00000000e+00]
fscore:[0.         0.         0.         0.99677703 0.         0.
 0.99876923 0.99881727 0.         0.         0.         0.99770774
 0.         0.         0.         0.         0.         0.99828865
 0.         0.9988081  0.         0.         0.         0.
 0.         0.         0.         0.         0.         0.99733807
 0.         0.         0.         0.         0.99855282 0.
 0.99850969 0.         0.90256693 0.         0.         0.
 0.         0.         0.         0.05110497 0.         0.
 0.         0.        ]
fscore:[0.         0.         0.         0.68842846 0.         0.
 0.96267838 0.         0.         0.         0.         0.99883586
 0.         0.         0.99845249 0.         0.         0.99913018
 0.         0.99882006 0.         0.         0.         0.
 0.         0.         0.         0.99764012 0.99912255 0.
 0.         0.         0.         0.         0.99940547 0.
 0.99942297 0.         0.99908285 0.         0.         0.
 0.00627615 0.99798445 0.         0.99908898 0.         0.65899337
 0.         0.01937757]
fscore:[8.39140104e-01 0.00000000e+00 0.00000000e+00 0.00000000e+00
 4.70886752e-01 0.00000000e+00 9.99392467e-01 4.98105509e-01
 6.34254964e-01 0.00000000e+00 9.97331752e-01 0.00000000e+00
 9.97293233e-01 6.54860291e-01 0.00000000e+00 0.00000000e+00
 9.71719457e-01 0.00000000e+00 0.00000000e+00 0.00000000e+00
 5.01673214e-01 0.00000000e+00 0.00000000e+00 6.58916256e-01
 2.88762447e-01 0.00000000e+00 9.37098127e-01 0.00000000e+00
 0.00000000e+00 9.97577226e-01 0.00000000e+00 0.00000000e+00
 9.86446671e-01 9.95870206e-01 9.98262884e-01 4.72255018e-03
 9.98504337e-01 0.00000000e+00 9.93764172e-01 0.00000000e+00
 0.00000000e+00 0.00000000e+00 9.97932053e-01 9.96015936e-04
 0.00000000e+00 9.98550304e-01 0.00000000e+00 0.00000000e+00
 0.00000000e+00 9.97253586e-01]
fscore:[0.99767577 0.54402763 0.         0.99363426 0.66771221 0.
 0.99857184 0.99880096 0.87975334 0.         0.09173706 0.99581089
 0.         0.9964497  0.         0.         0.         0.99798561
 0.95240777 0.99709808 0.         0.         0.         0.
 0.         0.         0.99761621 0.99793449 0.         0.99881657
 0.         0.99045967 0.00455063 0.         0.99912049 0.99848897
 0.39822051 0.         0.         0.         0.         0.
 0.         0.28390795 0.         0.67538041 0.         0.
 0.         0.99851235]
fscore:[9.98533294e-01 9.98826979e-01 1.80684795e-04 0.00000000e+00
 0.00000000e+00 0.00000000e+00 0.00000000e+00 6.68122271e-01
 0.00000000e+00 1.85475357e-01 0.00000000e+00 9.97693195e-01
 0.00000000e+00 0.00000000e+00 0.00000000e+00 2.34055003e-03
 2.72232305e-04 0.00000000e+00 0.00000000e+00 0.00000000e+00
 0.00000000e+00 0.00000000e+00 0.00000000e+00 0.00000000e+00
 0.00000000e+00 0.00000000e+00 0.00000000e+00 0.00000000e+00
 9.98803828e-01 9.99414520e-01 0.00000000e+00 0.00000000e+00
 0.00000000e+00 0.00000000e+00 9.99131693e-01 0.00000000e+00
 9.98853211e-01 0.00000000e+00 9.99138674e-01 0.00000000e+00
 0.00000000e+00 0.00000000e+00 0.00000000e+00 0.00000000e+00
 0.00000000e+00 2.89117757e-01 0.00000000e+00 0.00000000e+00
 0.00000000e+00 0.00000000e+00]
fscore:[0.99940405 0.97305046 0.         0.99734278 0.         0.
 0.99910634 0.82246549 0.         0.9979442  0.99677135 0.99482163
 0.11662125 0.         0.         0.         0.         0.99830125
 0.99585799 0.11244357 0.         0.         0.99768116 0.
 0.97640034 0.         0.99765258 0.99767577 0.83029586 0.
 0.         0.         0.         0.         0.99911426 0.
 0.99825073 0.         0.99910528 0.50476758 0.         0.
 0.99878197 0.         0.97204792 0.99732063 0.99856528 0.
 0.         0.99912664]
fscore:[0.46775987 0.99769053 0.         0.         0.         0.
 0.8488665  0.         0.         0.43414387 0.42864347 0.69229188
 0.         0.         0.         0.         0.         0.
 0.53190484 0.         0.81255992 0.         0.         0.17628238
 0.00146413 0.00348837 0.99756543 0.98978102 0.99912255 0.99242195
 0.         0.         0.         0.         0.91491108 0.99970158
 0.99851323 0.         0.         0.         0.         0.
 0.         0.         0.         0.99030837 0.         0.
 0.99420626 0.        ]
fscore:[0.99571341 0.0026087  0.39849977 0.99789979 0.48457509 0.
 0.         0.         0.         0.99791356 0.         0.99734748
 0.99591837 0.         0.9940222  0.24884793 0.99794299 0.66783831
 0.99729811 0.53891453 0.55909091 0.99617759 0.9964455  0.
 0.99662352 0.9803026  0.         0.99766628 0.98675497 0.
 0.         0.51005512 0.         0.         0.99796334 0.98567335
 0.99885714 0.         0.99620216 0.         0.00167364 0.
 0.         0.99763733 0.99719189 0.         0.         0.
 0.         0.        ]
