fscore:[0.99883586 0.99820144 0.         0.99853071 0.         0.
 0.99911635 0.99790982 0.51028446 0.65861733 0.99735372 0.99763314
 0.         0.66627451 0.         0.         0.33992947 0.99855198
 0.         0.99731263 0.         0.         0.39890385 0.
 0.         0.39095238 0.9982259  0.99822904 0.99829352 0.99911006
 0.98028986 0.         0.50243542 0.         0.99856775 0.62716049
 0.99857347 0.         0.99914554 0.         0.         0.
 0.49214815 0.         0.99760766 0.99824869 0.99822695 0.
 0.99815385 0.99817629]
fscore:[0.99738144 0.99757723 0.         0.99795022 0.66599638 0.
 0.99880881 0.99884593 0.99770905 0.67166831 0.66916848 0.99805393
 0.6692867  0.66350711 0.16465337 0.         0.         0.99910847
 0.99735216 0.99906977 0.         0.49465241 0.66401666 0.99817518
 0.         0.         0.99796452 0.99696049 0.99910953 0.99855198
 0.         0.         0.99584816 0.         0.99883178 0.
 0.99941827 0.         0.9988345  0.         0.         0.
 0.         0.         0.99794541 0.99882629 0.66082104 0.
 0.         0.99769585]
