fscore:[0.99785605 0.99764982 0.99769053 0.99642857 0.9972916  0.99787814
 0.99856528 0.99851146 0.99754451 0.99801306 0.98467885 0.99763733
 0.99619772 0.95444566 0.99704317 0.99794541 0.99586777 0.99852725
 0.9982669  0.99852811 0.9957057  0.99573691 0.9977195  0.99675803
 0.99443631 0.99664941 0.99695122 0.99911687 0.99914554 0.9985229
 0.99679581 0.9985088  0.9973506  0.99620881 0.99824971 0.99679953
 0.99789347 0.97638233 0.99790231 0.99640934 0.99611128 0.99426502
 0.9976512  0.99679394 0.99767847 0.99825175 0.99525504 0.99647059
 0.99746264 0.99724686]
fscore:[0.99795978 0.99881587 0.97820401 0.99798677 0.9976985  0.99852464
 0.99852377 0.99941107 0.99597701 0.99879518 0.99793936 0.99854355
 0.99581089 0.99592787 0.9965537  0.9972586  0.99736302 0.99823322
 0.99846484 0.99912101 0.9982259  0.99349644 0.99822485 0.99621322
 0.99695493 0.99821747 0.97982381 0.9967446  0.99970176 0.99794178
 0.99765396 0.99674267 0.99823217 0.9981982  0.99742931 0.99796807
 0.99910847 0.99879518 0.99878345 0.98699046 0.99847514 0.99823426
 0.99769452 0.99742784 0.9776394  0.99914163 0.9976512  0.99717833
 0.99646435 0.99760336]
