fscore:[0.         0.         0.         0.         0.         0.
 0.         0.         0.         0.         0.         0.
 0.         0.         0.         0.         0.         0.
 0.         0.         0.         0.         0.         0.
 0.         0.         0.         0.         0.         0.
 0.         0.         0.         0.         0.03772191 0.
 0.         0.         0.         0.         0.         0.
 0.         0.         0.         0.         0.         0.
 0.         0.        ]
fscore:[0.         0.         0.         0.         0.         0.
 0.1083253  0.         0.         0.         0.         0.
 0.         0.05654637 0.         0.         0.         0.
 0.         0.         0.         0.         0.         0.
 0.         0.         0.         0.         0.         0.
 0.         0.         0.         0.         0.         0.
 0.         0.         0.         0.         0.         0.
 0.         0.         0.         0.         0.         0.
 0.         0.        ]
fscore:[0.72497932 0.         0.00230947 0.         0.         0.
 0.         0.         0.         0.         0.         0.39947656
 0.         0.         0.         0.1138437  0.         0.
 0.         0.         0.         0.         0.         0.
 0.         0.         0.         0.         0.         0.
 0.         0.         0.         0.         0.         0.
 0.66339356 0.         0.         0.         0.         0.
 0.         0.         0.1130543  0.2477425  0.         0.
 0.         0.65386093]
fscore:[0.         0.         0.         0.         0.         0.1087684
 0.         0.         0.         0.         0.         0.
 0.         0.         0.         0.         0.         0.
 0.         0.35226078 0.         0.         0.         0.
 0.         0.         0.20898079 0.         0.         0.
 0.         0.         0.         0.         0.         0.
 0.         0.         0.         0.         0.10843108 0.
 0.         0.         0.         0.         0.         0.
 0.         0.        ]
fscore:[0.         0.64086022 0.         0.         0.27076278 0.16344065
 0.3099991  0.66679665 0.         0.         0.         0.
 0.         0.         0.         0.         0.49272781 0.23588928
 0.         0.         0.         0.         0.         0.
 0.         0.         0.         0.         0.         0.
 0.24623225 0.         0.         0.         0.         0.
 0.         0.         0.         0.         0.         0.
 0.         0.27505587 0.         0.         0.         0.
 0.         0.        ]
