fscore:[0.00589971 0.9988604  0.99911321 0.51248318 0.67668015 0.99940227
 0.99941003 0.99712809 0.         0.        ]
fscore:[0.99738448 0.98232174 0.99911269 0.         0.99537305 0.99881727
 0.99882284 0.99742046 0.66209867 0.99597399]
fscore:[0.         0.40654811 0.00117165 0.         0.66666667 0.00233236
 0.         0.394873   0.         0.        ]
fscore:[0.         0.99415855 0.00117994 0.         0.38858663 0.99820144
 0.         0.         0.4        0.        ]
fscore:[0.65267786 0.99911946 0.99911111 0.99721793 0.99679953 0.99024534
 0.99767981 0.9976429  0.         0.99637984]
fscore:[0.99619772 0.99941072 0.99911531 0.99714286 0.66810599 0.98357822
 0.99880526 0.99721965 0.99768652 0.        ]
fscore:[0.99799254 0.66679703 0.         0.98344175 0.9952858  0.65702397
 0.         0.99854693 0.99731744 0.99670954]
fscore:[0.02444703 0.99792593 0.99913069 0.98949825 0.66163322 0.99883653
 0.98807099 0.99800513 0.65905849 0.        ]
fscore:[0.         0.99881727 0.99824561 0.         0.         0.99882904
 0.9979574  0.28304113 0.         0.        ]
fscore:[0.99395683 0.49532849 0.         0.99767171 0.         0.
 0.99795381 0.99703967 0.98649442 0.66693069]
