fscore:[0.99705362 0.99767036 0.97811448 0.99696602 0.99763593 0.99732858
 0.99856446 0.99630367 0.99821216 0.99703616 0.99852811 0.997921
 0.99556082 0.99532437 0.99673105 0.99568345 0.98948633 0.99612056
 0.99568097 0.99914163 0.99706055 0.99617535 0.99765258 0.99763872
 0.99731263 0.99733333 0.94956812 0.99753998 0.99852115 0.99850791
 0.99569584 0.99910847 0.99704492 0.99439032 0.998477   0.98227696
 0.99853071 0.99798677 0.99765808 0.99578567 0.99608552 0.9982689
 0.99766628 0.99495099 0.99642644 0.99792961 0.99712974 0.99797746
 0.99733491 0.99881936]
fscore:[0.9985503  0.99703088 0.99701849 0.99647681 0.99852027 0.99677325
 0.99853929 0.99908173 0.9913407  0.99797395 0.99768116 0.99817851
 0.99458809 0.99431308 0.99708285 0.99590883 0.99673687 0.99881657
 0.99824971 0.9991337  0.99739055 0.99590164 0.99618656 0.99696233
 0.99824664 0.99554764 0.99881517 0.99713467 0.99789853 0.99855866
 0.99632353 0.99495399 0.99850612 0.99583333 0.99883314 0.99682356
 0.99823426 0.99598394 0.99798793 0.99764706 0.99678832 0.99649737
 0.92077321 0.99641363 0.99600685 0.99940618 0.9969344  0.99664532
 0.99746835 0.99792961]
fscore:[0.99798096 0.99798329 0.99384345 0.97637347 0.99797746 0.95118626
 0.99853673 0.99879445 0.99607369 0.99575758 0.99678832 0.99797629
 0.99821641 0.9982238  0.99708964 0.         0.99615043 0.99817296
 0.99604743 0.99913917 0.99765808 0.65442937 0.99728997 0.99728343
 0.99702204 0.99737073 0.99819603 0.99909502 0.9997104  0.99882353
 0.99705362 0.99660249 0.99680511 0.99761194 0.9991337  0.99569089
 0.99881657 0.99560246 0.99797395 0.99638989 0.66719619 0.
 0.99798908 0.98173384 0.99792223 0.99848163 0.99525223 0.99642431
 0.99441341 0.99854609]
