fscore:[0.         0.         0.99651365 0.         0.         0.2215219
 0.         0.99885255 0.         0.        ]
fscore:[0.         0.22654147 0.         0.         0.         0.
 0.         0.         0.00233055 0.        ]
fscore:[0.         0.         0.99678832 0.         0.         0.
 0.22649657 0.99856446 0.         0.        ]
fscore:[0.         0.         0.         0.         0.         0.
 0.17928671 0.         0.         0.        ]
fscore:[0.66641192 0.         0.99619103 0.99847607 0.65346535 0.99735993
 0.99738752 0.99731102 0.         0.99881235]
fscore:[0.         0.18550539 0.         0.         0.         0.
 0.         0.         0.         0.        ]
fscore:[0.21745407 0.         0.00039193 0.         0.         0.
 0.         0.         0.         0.        ]
fscore:[0.         0.         0.         0.         0.         0.
 0.         0.28373702 0.         0.        ]
fscore:[0.         0.19776186 0.         0.         0.00565931 0.
 0.         0.         0.         0.        ]
fscore:[0.         0.         0.         0.         0.         0.
 0.         0.         0.         0.33196481]
