fscore:[0.         0.         0.         0.         0.         0.
 0.         0.         0.         0.         0.         0.
 0.         0.10775777 0.         0.         0.         0.
 0.         0.         0.         0.         0.         0.
 0.         0.         0.         0.         0.         0.17519331
 0.         0.         0.         0.         0.         0.
 0.         0.         0.         0.         0.         0.
 0.         0.         0.         0.         0.07891681 0.
 0.         0.        ]
fscore:[0.         0.         0.         0.         0.98027842 0.
 0.         0.18506107 0.39619136 0.         0.         0.
 0.         0.         0.         0.         0.         0.
 0.39333018 0.         0.66449885 0.         0.         0.
 0.1515861  0.         0.         0.         0.         0.
 0.         0.         0.         0.         0.         0.
 0.         0.         0.98764688 0.         0.         0.
 0.         0.         0.3089024  0.         0.21135339 0.
 0.         0.        ]
fscore:[0.00775946 0.         0.         0.99549803 0.83443372 0.99581089
 0.         0.66306306 0.65632778 0.99732541 0.         0.99857265
 0.997921   0.99788456 0.         0.99734748 0.99733649 0.99969559
 0.67788186 0.99881936 0.99474606 0.99825378 0.         0.92127955
 0.99798677 0.49797023 0.         0.99820896 0.99824253 0.
 0.99680697 0.99731102 0.49741392 0.99578313 0.3803681  0.99198167
 0.93529092 0.         0.         0.         0.99671347 0.99651972
 0.         0.99592312 0.71455497 0.99653179 0.65424266 0.53744777
 0.         0.        ]
fscore:[0.25204082 0.         0.         0.         0.         0.
 0.         0.99736611 0.         0.         0.         0.
 0.         0.         0.         0.         0.         0.73411556
 0.19346436 0.         0.00114811 0.         0.         0.
 0.28901832 0.         0.         0.         0.         0.60343302
 0.         0.         0.         0.         0.99729811 0.
 0.99791107 0.         0.95280155 0.         0.         0.
 0.         0.         0.         0.67390875 0.         0.
 0.22584839 0.        ]
