fscore:[0.         0.         0.39388235 0.         0.         0.
 0.         0.         0.         0.         0.         0.
 0.         0.         0.         0.         0.         0.
 0.         0.         0.         0.         0.         0.
 0.         0.         0.         0.         0.         0.
 0.         0.         0.         0.         0.         0.
 0.         0.         0.         0.05577275 0.15181097 0.
 0.         0.         0.         0.         0.         0.
 0.         0.        ]
fscore:[0.         0.         0.         0.         0.         0.
 0.         0.10825211 0.         0.         0.         0.
 0.10754946 0.         0.         0.         0.         0.
 0.         0.         0.         0.         0.         0.
 0.         0.11283911 0.         0.         0.         0.
 0.         0.         0.         0.         0.         0.
 0.         0.         0.         0.         0.         0.
 0.         0.         0.         0.         0.         0.
 0.         0.        ]
fscore:[0.         0.         0.         0.         0.         0.
 0.         0.         0.         0.         0.         0.
 0.         0.         0.         0.         0.         0.
 0.         0.         0.         0.         0.         0.
 0.         0.         0.         0.         0.         0.
 0.         0.         0.         0.         0.11566431 0.
 0.         0.         0.         0.         0.         0.
 0.10670081 0.         0.         0.         0.         0.10747679
 0.         0.        ]
fscore:[0.99667573 0.         0.         0.17623877 0.         0.
 0.65457352 0.         0.         0.         0.         0.
 0.         0.         0.         0.         0.         0.
 0.         0.         0.         0.         0.         0.
 0.10494444 0.         0.         0.         0.         0.
 0.         0.11179635 0.         0.         0.99855114 0.
 0.         0.         0.99731584 0.         0.         0.
 0.         0.         0.         0.         0.         0.
 0.         0.        ]
