fscore:[0.99822485 0.99793571 0.         0.         0.66177346 0.
 0.99882491 0.99386861 0.99758454 0.33184391 0.66744776 0.67461218
 0.         0.99490662 0.6526571  0.         0.         0.99793327
 0.         0.99852638 0.99368041 0.65351223 0.49715536 0.
 0.6285287  0.99688279 0.66757229 0.99823737 0.99881657 0.99910421
 0.         0.         0.         0.99703791 0.99941894 0.6701409
 0.99790982 0.50636244 0.99755949 0.         0.         0.
 0.         0.         0.         0.99908731 0.66921899 0.4915379
 0.         0.        ]
fscore:[0.9982217  0.99821002 0.99649123 0.99783215 0.         0.99737226
 0.99912255 0.99828865 0.99734435 0.98818898 0.49755084 0.9961888
 0.         0.39573571 0.65986803 0.33448174 0.99706228 0.99854862
 0.66013825 0.         0.         0.         0.         0.6606733
 0.         0.3337625  0.99912358 0.9982669  0.49793754 0.99850255
 0.         0.         0.         0.         0.99853071 0.00322754
 0.9978704  0.99431648 0.99912409 0.99790105 0.         0.
 0.         0.         0.99822904 0.         0.         0.
 0.67138087 0.99881727]
fscore:[9.98508798e-01 9.98187311e-01 6.73930269e-01 9.97347480e-01
 0.00000000e+00 9.96175346e-01 9.98826291e-01 9.99417589e-01
 4.98210024e-01 6.69291339e-01 9.92520138e-01 9.97341211e-01
 0.00000000e+00 0.00000000e+00 4.58978772e-03 0.00000000e+00
 2.55879308e-01 9.99130687e-01 0.00000000e+00 0.00000000e+00
 9.96434938e-01 0.00000000e+00 0.00000000e+00 9.96746525e-01
 0.00000000e+00 9.94406830e-01 9.97939358e-01 9.97634536e-01
 9.99109528e-01 9.99110056e-01 0.00000000e+00 9.97897266e-01
 0.00000000e+00 5.41418517e-04 9.98802395e-01 0.00000000e+00
 9.99127146e-01 5.05858231e-01 9.99418605e-01 6.63060278e-01
 0.00000000e+00 0.00000000e+00 9.97975123e-01 4.02750262e-01
 0.00000000e+00 6.70911261e-01 6.65881891e-01 0.00000000e+00
 0.00000000e+00 9.97070885e-01]
fscore:[9.97919762e-01 9.95362319e-01 0.00000000e+00 9.97451147e-01
 9.92644896e-01 3.53316681e-01 9.99125619e-01 9.96462264e-01
 7.52619200e-01 2.82352941e-01 0.00000000e+00 9.99405470e-01
 2.10130155e-01 9.97975123e-01 0.00000000e+00 4.15713989e-04
 9.96759941e-01 9.97929607e-01 0.00000000e+00 6.76146605e-01
 6.29608184e-01 0.00000000e+00 2.16930877e-01 0.00000000e+00
 0.00000000e+00 0.00000000e+00 6.74612634e-01 9.97957397e-01
 9.99121523e-01 9.99111638e-01 2.28310502e-03 0.00000000e+00
 0.00000000e+00 3.99131274e-01 9.98566925e-01 9.98247664e-01
 9.98825602e-01 5.18955873e-01 9.98579142e-01 1.38057422e-01
 0.00000000e+00 0.00000000e+00 0.00000000e+00 0.00000000e+00
 3.75407545e-01 0.00000000e+00 0.00000000e+00 0.00000000e+00
 0.00000000e+00 0.00000000e+00]
