fscore:[0.        0.        0.        0.        0.1793842 0.        0.
 0.        0.        0.       ]
fscore:[0.         0.         0.         0.         0.         0.
 0.         0.         0.18123462 0.        ]
fscore:[0.         0.         0.         0.         0.18055333 0.
 0.         0.         0.         0.        ]
fscore:[0.        0.        0.        0.        0.        0.        0.1793842
 0.        0.        0.       ]
fscore:[0.         0.         0.         0.         0.         0.
 0.         0.         0.17704145 0.        ]
fscore:[0.         0.         0.         0.         0.         0.17948169
 0.         0.         0.         0.        ]
fscore:[0.18492419 0.         0.         0.         0.         0.
 0.         0.         0.         0.        ]
fscore:[0.         0.         0.         0.         0.         0.
 0.         0.18016379 0.         0.        ]
fscore:[0.         0.         0.         0.17547625 0.         0.
 0.         0.         0.         0.        ]
fscore:[0.         0.         0.         0.         0.         0.18181818
 0.         0.         0.         0.        ]
