fscore:[0.038288 0.       0.       0.       0.       0.       0.       0.
 0.       0.       0.       0.       0.       0.       0.       0.
 0.       0.       0.       0.       0.       0.       0.       0.
 0.       0.       0.       0.       0.       0.       0.       0.
 0.       0.       0.       0.       0.       0.       0.       0.
 0.       0.       0.       0.       0.       0.       0.       0.
 0.       0.      ]
fscore:[0.03955486 0.         0.         0.         0.         0.
 0.         0.         0.         0.         0.         0.
 0.         0.         0.         0.         0.         0.
 0.         0.         0.         0.         0.         0.
 0.         0.         0.         0.         0.         0.
 0.         0.         0.         0.         0.         0.
 0.         0.         0.         0.         0.         0.
 0.         0.         0.         0.         0.         0.
 0.         0.        ]
fscore:[0.0370195 0.        0.        0.        0.        0.        0.
 0.        0.        0.        0.        0.        0.        0.
 0.        0.        0.        0.        0.        0.        0.
 0.        0.        0.        0.        0.        0.        0.
 0.        0.        0.        0.        0.        0.        0.
 0.        0.        0.        0.        0.        0.        0.
 0.        0.        0.        0.        0.        0.        0.
 0.       ]
fscore:[0.0391026 0.        0.        0.        0.        0.        0.
 0.        0.        0.        0.        0.        0.        0.
 0.        0.        0.        0.        0.        0.        0.
 0.        0.        0.        0.        0.        0.        0.
 0.        0.        0.        0.        0.        0.        0.
 0.        0.        0.        0.        0.        0.        0.
 0.        0.        0.        0.        0.        0.        0.
 0.       ]
fscore:[0.0400973 0.        0.        0.        0.        0.        0.
 0.        0.        0.        0.        0.        0.        0.
 0.        0.        0.        0.        0.        0.        0.
 0.        0.        0.        0.        0.        0.        0.
 0.        0.        0.        0.        0.        0.        0.
 0.        0.        0.        0.        0.        0.        0.
 0.        0.        0.        0.        0.        0.        0.
 0.       ]
fscore:[0.03799368 0.         0.         0.         0.         0.
 0.         0.         0.         0.         0.         0.
 0.         0.         0.         0.         0.         0.
 0.         0.         0.         0.         0.         0.
 0.         0.         0.         0.         0.         0.
 0.         0.         0.         0.         0.         0.
 0.         0.         0.         0.         0.         0.
 0.         0.         0.         0.         0.         0.
 0.         0.        ]
