fscore:[0.99790231 0.9976429  0.99908116 0.99705882 0.99453866 0.99351199
 0.         0.66653681 0.99691929 0.99569831]
fscore:[0.99792715 0.99942824 0.99516324 0.99731102 0.99832309 0.99822904
 0.98181818 0.99789347 0.99675229 0.9968014 ]
fscore:[0.         0.         0.         0.         0.         0.22238164
 0.67425432 0.         0.         0.        ]
fscore:[0.9978665  0.99620659 0.99713303 0.98594781 0.67703533 0.99649123
 0.99911531 0.99940191 0.         0.997558  ]
fscore:[0.99824459 0.98426966 0.99681436 0.99824971 0.         0.99769319
 0.99817851 0.99786129 0.49223881 0.        ]
fscore:[0.99651568 0.99583085 0.         0.99663506 0.50473278 0.00799087
 0.99713631 0.99824356 0.         0.66226491]
