fscore:[0.         0.         0.         0.         0.         0.
 0.         0.         0.17459465 0.        ]
fscore:[0.         0.         0.         0.         0.         0.17889663
 0.         0.         0.         0.        ]
fscore:[0.        0.        0.        0.        0.        0.        0.
 0.1793842 0.        0.       ]
fscore:[0.         0.         0.17909169 0.         0.         0.
 0.         0.         0.         0.        ]
fscore:[0.         0.         0.         0.         0.         0.
 0.         0.         0.         0.18123462]
fscore:[0.         0.         0.         0.         0.17977408 0.
 0.         0.         0.         0.        ]
fscore:[0.        0.        0.        0.        0.        0.        0.1793842
 0.        0.        0.       ]
fscore:[0.         0.         0.18142918 0.         0.         0.
 0.         0.         0.         0.        ]
fscore:[0.         0.         0.         0.         0.17547625 0.
 0.         0.         0.         0.        ]
fscore:[0.         0.         0.         0.         0.         0.
 0.         0.         0.         0.18142918]
