fscore:[0.         0.         0.18308128 0.         0.         0.
 0.         0.         0.         0.        ]
fscore:[0.         0.         0.         0.         0.         0.
 0.18152645 0.         0.         0.        ]
fscore:[0.         0.         0.         0.         0.         0.
 0.         0.         0.18172095 0.        ]
fscore:[0.         0.         0.         0.         0.         0.
 0.         0.         0.18511797 0.        ]
fscore:[0.         0.         0.         0.         0.         0.
 0.         0.18269282 0.         0.        ]
fscore:[0.         0.         0.         0.         0.         0.
 0.18123462 0.         0.         0.        ]
fscore:[0.         0.         0.         0.         0.18366366 0.
 0.         0.         0.         0.        ]
fscore:[0.18772987 0.         0.         0.         0.         0.
 0.         0.         0.         0.        ]
fscore:[0.         0.         0.         0.         0.         0.
 0.         0.         0.         0.18240137]
fscore:[0.         0.         0.         0.         0.         0.
 0.         0.18065068 0.         0.        ]
