fscore:[0.         0.         0.         0.         0.         0.
 0.         0.         0.         0.         0.03894426 0.
 0.         0.         0.         0.         0.         0.
 0.         0.         0.         0.         0.         0.
 0.         0.         0.         0.         0.         0.
 0.         0.         0.         0.         0.         0.
 0.         0.         0.         0.         0.         0.
 0.         0.         0.         0.         0.         0.
 0.         0.        ]
fscore:[0.         0.         0.         0.         0.         0.
 0.         0.         0.         0.03905736 0.         0.
 0.         0.         0.         0.         0.         0.
 0.         0.         0.         0.         0.         0.
 0.         0.         0.         0.         0.         0.
 0.         0.         0.         0.         0.         0.
 0.         0.         0.         0.         0.         0.
 0.         0.         0.         0.         0.         0.
 0.         0.        ]
fscore:[7.50055445e-01 9.97367651e-01 9.88683740e-01 9.98790810e-01
 9.99117906e-01 9.97723392e-01 9.99154691e-01 9.96810670e-01
 9.98515880e-01 9.97288340e-01 6.70362304e-01 9.98275862e-01
 9.96827228e-01 9.98802395e-01 6.11714329e-04 0.00000000e+00
 9.98478856e-01 9.96917386e-01 9.97914805e-01 9.93419170e-01
 0.00000000e+00 9.97119816e-01 0.00000000e+00 9.98792271e-01
 9.97644287e-01 9.98271889e-01 0.00000000e+00 9.96557659e-01
 9.97627521e-01 0.00000000e+00 9.98201439e-01 9.98193859e-01
 9.49676694e-01 9.98798077e-01 0.00000000e+00 9.97852102e-01
 9.93825345e-01 9.97113164e-01 0.00000000e+00 9.98827667e-01
 7.27338849e-04 0.00000000e+00 9.91957105e-01 0.00000000e+00
 6.54390386e-01 0.00000000e+00 9.97993694e-01 9.96767558e-01
 0.00000000e+00 9.98827667e-01]
fscore:[0.       0.       0.       0.       0.       0.       0.       0.
 0.037586 0.       0.       0.       0.       0.       0.       0.
 0.       0.       0.       0.       0.       0.       0.       0.
 0.       0.       0.       0.       0.       0.       0.       0.
 0.       0.       0.       0.       0.       0.       0.       0.
 0.       0.       0.       0.       0.       0.       0.       0.
 0.       0.      ]
fscore:[0.         0.         0.22641846 0.         0.         0.15007166
 0.42137668 0.         0.         0.         0.         0.
 0.         0.89286763 0.         0.         0.         0.
 0.         0.         0.         0.         0.         0.
 0.         0.         0.         0.         0.         0.1728223
 0.         0.13559322 0.14104882 0.23718365 0.         0.
 0.         0.         0.         0.         0.09959092 0.
 0.         0.         0.         0.         0.         0.
 0.         0.        ]
fscore:[0.         0.         0.         0.         0.         0.
 0.         0.         0.         0.         0.         0.
 0.03914784 0.         0.         0.         0.         0.
 0.         0.         0.         0.         0.         0.
 0.         0.         0.         0.         0.         0.
 0.         0.         0.         0.         0.         0.
 0.         0.         0.         0.         0.         0.
 0.         0.         0.         0.         0.         0.
 0.         0.        ]
fscore:[0.         0.         0.         0.         0.         0.
 0.         0.         0.         0.         0.         0.
 0.         0.         0.         0.         0.         0.
 0.         0.         0.         0.         0.         0.
 0.         0.         0.         0.         0.         0.
 0.         0.         0.         0.         0.         0.
 0.         0.         0.         0.         0.03946443 0.
 0.         0.         0.         0.         0.         0.
 0.         0.        ]
fscore:[0.         0.04083267 0.         0.00227661 0.         0.
 0.         0.03375389 0.         0.         0.         0.
 0.         0.         0.         0.         0.         0.
 0.         0.         0.01161384 0.         0.         0.04255319
 0.         0.         0.         0.09687326 0.         0.
 0.         0.         0.03408292 0.         0.         0.0150017
 0.         0.         0.         0.         0.05840839 0.02379934
 0.         0.         0.         0.         0.         0.
 0.         0.        ]
fscore:[0.         0.         0.         0.         0.         0.
 0.         0.         0.         0.         0.         0.
 0.         0.         0.         0.         0.         0.
 0.03885377 0.         0.         0.         0.         0.
 0.         0.         0.         0.         0.         0.
 0.         0.         0.         0.         0.         0.
 0.         0.         0.         0.         0.         0.
 0.         0.         0.         0.         0.         0.
 0.         0.        ]
fscore:[0.         0.         0.         0.         0.03978092 0.
 0.         0.         0.         0.         0.         0.
 0.         0.         0.         0.         0.         0.
 0.         0.         0.         0.         0.         0.
 0.         0.         0.         0.         0.         0.
 0.         0.         0.         0.         0.         0.
 0.         0.         0.         0.         0.         0.
 0.         0.         0.         0.         0.         0.
 0.         0.        ]
