fscore:[0.         0.         0.18104002 0.         0.         0.
 0.         0.         0.         0.        ]
fscore:[0.         0.         0.         0.         0.         0.
 0.         0.         0.18550539 0.        ]
fscore:[0.        0.        0.        0.        0.        0.1791892 0.
 0.        0.        0.       ]
fscore:[0.         0.         0.         0.         0.         0.
 0.         0.         0.18569904 0.        ]
fscore:[0.         0.17832824 0.         0.         0.         0.
 0.         0.         0.00120048 0.        ]
fscore:[0.         0.17801833 0.         0.         0.         0.
 0.         0.         0.         0.        ]
fscore:[0.         0.         0.17840879 0.         0.         0.
 0.         0.         0.         0.        ]
fscore:[0.         0.         0.         0.         0.         0.
 0.         0.         0.         0.18074803]
fscore:[0.         0.         0.         0.         0.         0.
 0.         0.18579585 0.         0.        ]
fscore:[0.         0.         0.         0.17987152 0.         0.
 0.         0.         0.         0.        ]
