fscore:[0.        0.        0.        0.        0.        0.        0.
 0.        0.        0.1769437]
fscore:[0.         0.         0.18317837 0.         0.         0.
 0.         0.         0.         0.        ]
fscore:[0.         0.         0.         0.18666667 0.         0.
 0.         0.         0.         0.        ]
fscore:[0.         0.         0.         0.         0.         0.
 0.         0.         0.         0.18346957]
fscore:[0.         0.         0.         0.         0.         0.
 0.         0.         0.17606352 0.        ]
fscore:[0.         0.         0.         0.         0.         0.18434263
 0.         0.         0.         0.        ]
fscore:[0.         0.         0.         0.         0.         0.18104002
 0.         0.         0.         0.        ]
