fscore:[0.99793814 0.99821853 0.99772985 0.99375558 0.         0.49315068
 0.99847421 0.98995272 0.         0.99752015]
fscore:[0.99792715 0.998228   0.98934025 0.99705709 0.         0.00907029
 0.99881727 0.99251273 0.40065991 0.        ]
fscore:[0.99669769 0.99826087 0.99053254 0.99816962 0.996337   0.99681252
 0.99172138 0.99828179 0.         0.65869437]
fscore:[0.99763872 0.9982808  0.98432602 0.99728507 0.         0.
 1.         0.99821002 0.         0.39886712]
fscore:[0.         0.         0.99265786 0.49058877 0.         0.40537099
 0.99822485 0.99675994 0.         0.00351288]
fscore:[0.99735838 0.98977505 0.99610895 0.99764706 0.99762329 0.99731263
 0.99882835 0.98732719 0.99679953 0.99793571]
