fscore:[0.         0.         0.         0.         0.         0.
 0.         0.         0.         0.18376068]
fscore:[0.         0.         0.         0.         0.         0.
 0.32625654 0.         0.33281189 0.        ]
fscore:[0.        0.        0.        0.1769437 0.        0.        0.
 0.        0.        0.       ]
fscore:[0.38919175 0.         0.66353494 0.         0.40262787 0.
 0.         0.         0.         0.        ]
fscore:[0.         0.         0.         0.         0.         0.
 0.17713918 0.         0.         0.        ]
fscore:[0.         0.         0.         0.         0.         0.
 0.         0.         0.         0.19912756]
