fscore:[0.        0.        0.1793842 0.        0.        0.        0.
 0.        0.        0.       ]
fscore:[0.         0.         0.         0.         0.         0.
 0.18666667 0.         0.         0.        ]
fscore:[0.         0.         0.         0.18346957 0.         0.
 0.         0.         0.         0.        ]
fscore:[0.18550539 0.         0.         0.         0.         0.
 0.         0.         0.         0.        ]
fscore:[0.18589265 0.         0.         0.         0.         0.
 0.         0.         0.         0.        ]
fscore:[0.         0.         0.         0.         0.         0.18152645
 0.         0.         0.         0.        ]
fscore:[0.         0.         0.         0.         0.         0.
 0.         0.         0.18541066 0.        ]
fscore:[0.        0.1791892 0.        0.        0.        0.        0.
 0.        0.        0.       ]
fscore:[0.         0.         0.         0.         0.         0.
 0.         0.18560222 0.         0.        ]
fscore:[0.         0.         0.         0.         0.         0.18550539
 0.         0.         0.         0.        ]
