fscore:[0.99674845 0.         0.99880739 0.99793814 0.66978923 0.
 0.         0.1267991  0.         0.         0.         0.55212355
 0.99909283 0.         0.9988446  0.         0.99550764 0.97269252
 0.99360465 0.99624169 0.99882767 0.         0.49407583 0.
 0.99735993 0.9925072  0.99521817 0.99767981 0.         0.98650235
 0.         0.47635625 0.         0.         0.5063931  0.
 0.9981982  0.         0.99877451 0.         0.66183953 0.
 0.99110848 0.         0.         0.         0.98930945 0.
 0.         0.        ]
fscore:[0.         0.03892164 0.         0.         0.         0.
 0.         0.         0.         0.         0.         0.
 0.         0.         0.         0.         0.         0.
 0.         0.         0.         0.         0.         0.
 0.         0.         0.         0.         0.         0.
 0.         0.         0.         0.         0.         0.
 0.         0.         0.         0.         0.         0.
 0.         0.         0.         0.         0.         0.
 0.         0.        ]
fscore:[0.         0.         0.         0.         0.         0.
 0.         0.         0.         0.         0.         0.
 0.         0.         0.         0.         0.         0.03937398
 0.         0.         0.         0.         0.         0.
 0.         0.         0.         0.         0.         0.
 0.         0.         0.         0.         0.         0.
 0.         0.         0.         0.         0.         0.
 0.         0.         0.         0.         0.         0.
 0.         0.        ]
fscore:[0.         0.         0.         0.         0.         0.
 0.         0.         0.         0.         0.         0.
 0.         0.         0.         0.         0.         0.
 0.         0.         0.         0.         0.         0.
 0.         0.         0.         0.         0.         0.
 0.         0.         0.         0.         0.         0.
 0.         0.04014249 0.         0.         0.         0.
 0.         0.         0.         0.         0.         0.
 0.         0.        ]
fscore:[0.00000000e+00 0.00000000e+00 9.99116348e-01 0.00000000e+00
 9.94594595e-01 9.96441281e-01 0.00000000e+00 0.00000000e+00
 9.97294860e-01 0.00000000e+00 0.00000000e+00 9.97358380e-01
 0.00000000e+00 1.92407696e-02 8.09121000e-03 9.97718197e-01
 0.00000000e+00 0.00000000e+00 9.95163241e-01 0.00000000e+00
 0.00000000e+00 9.97593261e-01 3.98097503e-01 0.00000000e+00
 0.00000000e+00 9.97933274e-01 0.00000000e+00 0.00000000e+00
 6.72908133e-01 3.91154441e-01 6.74451379e-01 2.80983442e-01
 9.94947994e-01 0.00000000e+00 3.16736085e-01 0.00000000e+00
 9.91841492e-01 0.00000000e+00 0.00000000e+00 0.00000000e+00
 0.00000000e+00 0.00000000e+00 9.98536728e-01 0.00000000e+00
 0.00000000e+00 9.98010799e-01 0.00000000e+00 2.65379976e-02
 7.72623920e-01 8.72981231e-04]
fscore:[0.         0.         0.         0.         0.         0.
 0.         0.         0.         0.         0.         0.
 0.         0.         0.         0.         0.         0.
 0.         0.         0.         0.         0.         0.
 0.         0.         0.         0.         0.         0.
 0.         0.         0.         0.         0.         0.
 0.         0.         0.         0.         0.         0.
 0.         0.03946443 0.         0.         0.         0.
 0.         0.        ]
fscore:[0.99884259 0.         0.99776536 0.6203365  0.864222   0.99157641
 0.33124878 0.         0.         0.63478781 0.99761621 0.
 0.99852725 0.99790982 0.60113729 0.75955449 0.99473376 0.99310345
 0.9973996  0.         0.         0.67549931 0.         0.99824971
 0.66811709 0.         0.99825175 0.9965096  0.00118694 0.00121951
 0.         0.83539995 0.99622642 0.99584076 0.9335539  0.5785124
 0.         0.33213716 0.         0.         0.92944606 0.99557913
 0.99940828 0.99823322 0.99794299 0.         0.         0.50260378
 0.76825397 0.        ]
fscore:[0.         0.         0.         0.         0.         0.
 0.         0.         0.         0.         0.         0.
 0.         0.         0.         0.         0.         0.
 0.         0.         0.         0.         0.         0.
 0.         0.         0.         0.         0.         0.
 0.         0.         0.         0.         0.         0.
 0.         0.         0.         0.         0.         0.
 0.03876327 0.         0.         0.         0.         0.
 0.         0.        ]
fscore:[0.94981777 0.         0.66042781 0.9636309  0.         0.67523083
 0.00778547 0.66640792 0.00103252 0.         0.99702735 0.01044084
 0.         0.99713795 0.997882   0.06674208 0.99640503 0.
 0.99414862 0.         0.98433495 0.         0.         0.99533528
 0.         0.         0.98470948 0.65698017 0.         0.47663551
 0.         0.98820144 0.49266947 0.9991322  0.         0.
 0.99141104 0.         0.50996016 0.         0.         0.
 0.         0.11613083 0.         0.67216412 0.98303066 0.
 0.66212152 0.        ]
fscore:[8.87062047e-02 1.07981221e-01 5.01963065e-01 0.00000000e+00
 0.00000000e+00 0.00000000e+00 0.00000000e+00 0.00000000e+00
 0.00000000e+00 0.00000000e+00 0.00000000e+00 0.00000000e+00
 9.90123457e-01 9.79087452e-02 0.00000000e+00 0.00000000e+00
 0.00000000e+00 0.00000000e+00 9.75623583e-01 0.00000000e+00
 9.87731812e-01 0.00000000e+00 5.68043331e-01 4.58159577e-01
 0.00000000e+00 9.79402379e-01 9.94568497e-01 0.00000000e+00
 0.00000000e+00 9.77505112e-01 0.00000000e+00 9.03468674e-01
 0.00000000e+00 8.66175834e-04 0.00000000e+00 4.01260504e-01
 8.62400439e-01 2.05460209e-01 5.19876733e-01 0.00000000e+00
 9.66153846e-01 0.00000000e+00 0.00000000e+00 0.00000000e+00
 0.00000000e+00 0.00000000e+00 9.97829457e-01 0.00000000e+00
 0.00000000e+00 0.00000000e+00]
