fscore:[0.9905716  0.99911998 0.99821109 0.99677514 0.99825885 0.99880739
 0.99883991 0.98894063 0.99529965 0.99641148]
fscore:[0.65435459 0.99907947 0.99908453 0.99675037 0.99748252 0.99853071
 0.99883041 0.99738296 0.         0.99702735]
fscore:[0.99851057 0.99854693 0.98725926 0.99617984 0.99604503 0.99882767
 0.99614129 0.99801644 0.99768652 0.99673494]
fscore:[0.99854946 0.99913669 0.99851146 0.99662887 0.98391342 0.
 0.9947121  0.67533981 0.99672911 0.99650757]
fscore:[0.99882214 0.99970854 0.9997044  0.99766492 0.99704142 0.99849624
 0.99491779 0.99760479 0.99797512 0.99630367]
fscore:[0.         0.99913619 0.9997155  0.99790231 0.99709471 0.99884527
 0.99157711 0.99703791 0.66204163 0.99750779]
fscore:[0.99764429 0.99888517 0.99883653 0.99580587 0.99730942 0.99909063
 0.99824047 0.99791853 0.98797251 0.99789853]
fscore:[0.99820896 0.99825885 0.99970282 0.99795142 0.9979574  0.99882491
 0.99764151 0.99819603 0.98526437 0.99706917]
fscore:[0.39952802 0.         0.99820789 0.00116161 0.         0.
 0.9776339  0.97700806 0.         0.        ]
fscore:[0.9985661  0.99912613 0.99970666 0.98703595 0.99703791 0.99767171
 0.99940653 0.99793936 0.99730297 0.99851235]
