fscore:[0.99911164 0.99824356 0.99821322 0.99796807 0.99770379 0.99602568
 0.99912049 0.9982384  0.99368421 0.99791605 0.99521531 0.99699519
 0.99824047 0.99545867 0.99652375 0.99550764 0.9965378  0.99911739
 0.99728015 0.99910741 0.99522958 0.99675803 0.99677325 0.9963964
 0.99764706 0.99505095 0.99563573 0.99852377 0.99824561 0.9991347
 0.99640934 0.99615043 0.99741454 0.995735   0.99911894 0.99617984
 0.99911111 0.9981774  0.99910741 0.99730135 0.99592549 0.99617759
 0.99709471 0.99738144 0.99322932 0.99765945 0.99762893 0.99739508
 0.91630901 0.99737533]
fscore:[0.99792715 0.9927096  0.99689353 0.9988446  0.9967902  0.9970726
 0.99818841 0.9985088  0.99757576 0.99737686 0.99694002 0.9988345
 0.997558   0.99582837 0.99675994 0.99706055 0.99593496 0.99792346
 0.99611128 0.99883586 0.9969825  0.99482759 0.99653179 0.99726194
 0.99767036 0.99851057 0.98373984 0.95853048 0.99766628 0.9965035
 0.99567848 0.99762188 0.99647474 0.99700419 0.98626216 0.99851235
 0.98113208 0.99739206 0.99322134 0.99736457 0.99664242 0.99646643
 0.99536769 0.99615498 0.9969419  0.99882422 0.99766355 0.99791232
 0.9967808  0.99793083]
