fscore:[0.99766492 0.99598394 0.99678644 0.99798213 0.99755352 0.99762188
 0.99819495 0.99853501 0.99729973 0.98339061]
fscore:[0.99823009 0.99052541 0.99614815 0.99406176 0.99879373 0.99734904
 0.99792961 0.99879445 0.99859983 0.99794299]
fscore:[0.99730297 0.99785998 0.99760479 0.99654577 0.99854609 0.99142266
 0.99798096 0.99142682 0.99800171 0.99886428]
fscore:[0.99149809 0.99640934 0.99769585 0.99718943 0.997386   0.
 0.98882353 0.99876695 0.99724011 0.66355322]
fscore:[0.99852725 0.99477352 0.99428228 0.99676946 0.99610195 0.98987561
 0.99852464 0.9982259  0.99850612 0.99460687]
fscore:[0.99914603 0.99758016 0.99681805 0.9950365  0.99142157 0.99796571
 0.99795381 0.99821747 0.99765945 0.99852464]
fscore:[0.99591121 0.99161174 0.99672911 0.99650757 0.99101796 0.99563573
 0.99641791 0.9979716  0.99698432 0.99746121]
