fscore:[0.99710816 0.99678832 0.99526347 0.99099099 0.99798793 0.99597932
 0.98807793 0.99883109 0.99725526 0.99758162]
fscore:[0.99438036 0.99730458 0.99552105 0.99912204 0.99882422 0.99761621
 0.99939868 0.9906181  0.99680882 0.99791605]
fscore:[0.99821958 0.99857184 0.98417438 0.99852984 0.99914065 0.99793327
 0.99912917 0.99790732 0.99727685 0.997064  ]
fscore:[0.99851588 0.9982384  0.99674267 0.99137435 0.99882145 0.99636143
 0.99003133 0.99792838 0.99697337 0.99770379]
fscore:[0.66988417 0.99769053 0.98970891 0.         0.9987715  0.49423589
 0.99823944 0.9994128  0.         0.        ]
fscore:[0.99800399 0.99735527 0.98991696 0.99736148 0.99793205 0.99793693
 0.99028016 0.99849261 0.99587264 0.99698977]
fscore:[0.99731423 0.99737991 0.99241097 0.99855282 0.99797395 0.99647681
 0.98826291 0.99795142 0.99813896 0.99853929]
