fscore:[0.         0.17948169 0.         0.         0.         0.
 0.         0.         0.         0.        ]
fscore:[0.         0.         0.         0.         0.         0.18240137
 0.         0.         0.         0.        ]
fscore:[0.       0.       0.176357 0.       0.       0.       0.       0.
 0.       0.      ]
fscore:[0.         0.         0.         0.         0.         0.
 0.         0.         0.18618298 0.        ]
fscore:[0.         0.         0.         0.         0.         0.
 0.         0.         0.         0.18181818]
fscore:[0.         0.         0.         0.         0.17928671 0.
 0.         0.         0.         0.        ]
fscore:[0.         0.         0.         0.         0.         0.
 0.         0.18327545 0.         0.        ]
