fscore:[0.         0.         0.         0.         0.         0.
 0.         0.         0.         0.18084537]
fscore:[0.         0.         0.17782303 0.         0.         0.
 0.         0.         0.         0.        ]
fscore:[0.        0.        0.        0.1791892 0.        0.        0.
 0.        0.        0.       ]
fscore:[0.        0.        0.1840517 0.        0.        0.        0.
 0.        0.        0.       ]
fscore:[0.         0.         0.18249853 0.         0.         0.
 0.         0.         0.         0.        ]
fscore:[0.         0.         0.         0.         0.17223954 0.
 0.         0.         0.         0.        ]
fscore:[0.         0.         0.         0.         0.         0.
 0.         0.         0.         0.18463346]
fscore:[0.        0.        0.1769437 0.        0.        0.        0.
 0.        0.        0.       ]
fscore:[0.         0.         0.         0.         0.         0.18104002
 0.         0.         0.         0.        ]
fscore:[0.         0.         0.         0.         0.         0.18026119
 0.         0.         0.         0.        ]
