fscore:[0.0810006  0.99459767 0.29901269 0.9212347  0.99604983 0.95945528
 0.996483   0.65100803 0.99675994 0.95121203 0.96307238 0.47715425
 0.99035564 0.99712809 0.99910794 0.66849961 0.6820109  0.
 0.96158324 0.         0.97657871 0.99493897 0.         0.99777654
 0.6759528  0.69846022 0.90384615 0.         0.         0.98447489
 0.96050372 0.98382061 0.65489633 0.62628801 0.         0.01542112
 0.49778107 0.5505992  0.98534062 0.45173485 0.         0.
 0.91509434 0.66162204 0.         0.         0.97185185 0.12973534
 0.98987561 0.        ]
fscore:[0.         0.49792777 0.60251615 0.         0.         0.
 0.78982224 0.         0.         0.90159494 0.         0.
 0.         0.         0.         0.         0.40128986 0.
 0.         0.         0.         0.33447366 0.         0.66720648
 0.         0.94859307 0.         0.         0.         0.50151057
 0.         0.3607685  0.         0.12192394 0.         0.
 0.65993789 0.         0.         0.         0.13411811 0.
 0.99856857 0.         0.         0.28397496 0.99824561 0.
 0.         0.        ]
fscore:[0.99942857 0.99856363 0.99668175 0.99761194 0.99621102 0.39466731
 0.         0.9965616  0.95114374 0.         0.49706055 0.99555556
 0.9898928  0.93981763 0.99791232 0.         0.99913619 0.99792223
 0.99856528 0.99623516 0.93023256 0.98452722 0.97271649 0.50422492
 0.99703616 0.         0.66877971 0.99495699 0.         0.99478261
 0.00114877 0.97772701 0.         0.90002898 0.99762188 0.99824971
 0.65954554 0.99686877 0.99754902 0.99421296 0.99821747 0.99677703
 0.99940263 0.99848531 0.99703791 0.         0.9923843  0.00805987
 0.98319328 0.98756661]
fscore:[0.99909666 0.9965616  0.99942297 0.99853329 0.99850702 0.99098558
 0.99910794 0.99817518 0.99558174 0.99607843 0.97214735 0.99602325
 0.67675005 0.99762893 0.99827288 0.9970344  0.99879952 0.99762752
 0.99823944 0.99682906 0.99826389 0.99772727 0.99793327 0.99879952
 0.99662352 0.99821429 0.99881587 0.99793205 0.99647266 0.
 0.99684904 0.99705882 0.98870392 0.95020615 0.99625899 0.99794782
 0.0021751  0.99765671 0.99885189 0.99592075 0.99615953 0.99651365
 0.99879518 0.99855617 0.99728343 0.99823944 0.64094844 0.99725359
 0.99589683 0.99883382]
fscore:[0.99546142 0.66706707 0.         0.         0.99320883 0.
 0.99266366 0.         0.99642644 0.03160763 0.04651163 0.99642644
 0.99798677 0.82571912 0.99825784 0.         0.99654776 0.40062373
 0.9748715  0.         0.99822695 0.99607132 0.99563573 0.99823633
 0.         0.99847793 0.99941894 0.         0.49147769 0.99495998
 0.99636364 0.         0.66481775 0.36312909 0.99852811 0.
 0.99072464 0.9961888  0.99321825 0.99426848 0.32358318 0.99553704
 0.6570125  0.         0.         0.99646226 0.         0.
 0.65569326 0.9982659 ]
