fscore:[0.         0.         0.         0.         0.         0.
 0.         0.99970158 0.         0.         0.         0.
 0.         0.10045014 0.         0.         0.11425558 0.
 0.         0.         0.         0.         0.         0.
 0.         0.         0.         0.         0.         0.
 0.         0.         0.         0.         0.12553379 0.
 0.         0.         0.         0.00113572 0.         0.
 0.         0.         0.         0.         0.         0.
 0.         0.        ]
fscore:[0.65641845 0.         0.         0.33120279 0.         0.
 0.         0.65021415 0.         0.         0.         0.
 0.11049399 0.         0.         0.         0.         0.
 0.         0.         0.         0.         0.07970447 0.
 0.         0.         0.         0.         0.         0.
 0.         0.         0.         0.         0.         0.
 0.         0.         0.9982548  0.         0.         0.
 0.         0.         0.         0.         0.         0.
 0.         0.        ]
