fscore:[0.25038168 0.99854609 0.99661434 0.69817136 0.99850612 0.66588831
 0.9991342  0.99970069 0.         0.98702796]
fscore:[0.99853329 0.99709302 0.98907588 0.9988024  0.99795262 0.99710145
 0.99794661 0.99766082 0.99850165 0.99262319]
fscore:[0.99646226 0.99734592 0.99727685 0.99006429 0.99788456 0.99642005
 0.98938776 0.9971115  0.99727685 0.99852377]
fscore:[0.99329642 0.99790732 0.98612786 0.99822695 0.         0.66415842
 0.99883382 0.98861048 0.65964091 0.        ]
fscore:[0.99911374 0.99797746 0.99521531 0.99797512 0.99850969 0.99587507
 0.99852115 0.99053814 0.996456   0.99450072]
fscore:[0.99852898 0.99769452 0.99728997 0.99799369 0.9832853  0.50552404
 0.9988256  0.99941623 0.         0.        ]
