fscore:[0.99791232 0.99817407 0.70608546 0.99883178 0.99689704 0.
 0.99189919 0.99884326 0.68164062 0.         0.85355438 0.99448796
 0.74271737 0.51273148 0.43921672 0.         0.         0.99115044
 0.         0.99093302 0.99760909 0.         0.66457803 0.99738903
 0.99683817 0.         0.99792715 0.99723162 0.94857479 0.997921
 0.99547511 0.99231863 0.         0.9970964  0.99941589 0.8072573
 0.99823322 0.         0.99667372 0.         0.39184163 0.31227893
 0.         0.95760743 0.99763593 0.99596774 0.9847482  0.99734435
 0.99703616 0.99914114]
fscore:[0.00000000e+00 0.00000000e+00 0.00000000e+00 9.68054211e-04
 0.00000000e+00 6.61432777e-01 0.00000000e+00 0.00000000e+00
 6.81331516e-01 5.74360700e-01 0.00000000e+00 0.00000000e+00
 5.20961776e-01 0.00000000e+00 0.00000000e+00 4.96428029e-01
 9.55645161e-01 9.89327949e-01 0.00000000e+00 9.64171279e-01
 9.97058824e-01 0.00000000e+00 9.95563443e-01 2.80751096e-01
 9.97025580e-01 0.00000000e+00 9.50382762e-01 9.97352162e-01
 0.00000000e+00 0.00000000e+00 0.00000000e+00 7.03711298e-01
 3.68340006e-01 0.00000000e+00 0.00000000e+00 0.00000000e+00
 9.97597598e-01 0.00000000e+00 0.00000000e+00 4.95653455e-01
 0.00000000e+00 0.00000000e+00 4.64530266e-01 7.62576827e-01
 9.97116494e-01 5.02884907e-01 9.97091332e-01 0.00000000e+00
 9.96834532e-01 9.73399591e-01]
fscore:[0.         0.         0.         0.         0.         0.
 0.         0.         0.         0.         0.         0.
 0.         0.         0.         0.         0.         0.
 0.         0.         0.         0.         0.         0.
 0.         0.03867276 0.         0.         0.         0.
 0.         0.         0.         0.         0.         0.
 0.         0.         0.         0.         0.         0.
 0.         0.         0.         0.         0.         0.
 0.         0.        ]
