fscore:[0.99940191 0.66368411 0.99878197 0.         0.99911269 0.99590643
 0.99878861 0.99730781 0.99792961 0.99760766 0.99881094 0.99709808
 0.99760336 0.99911006 0.99939541 0.99674267 0.99548329 0.
 0.99487489 0.99912049 0.99819386 0.99820467 0.99822275 0.99826188
 0.         0.99883382 0.99852551 0.99685624 0.99634146 0.9991246
 0.99644339 0.99763314 0.99754149 0.99799714 0.99708114 0.99883382
 0.99858557 0.99804524 0.9985194  0.99771559 0.99733649 0.99705536
 0.99909393 0.40468933 0.         0.99739508 0.99703967 0.99798561
 0.99649123 0.92653277]
fscore:[0.99478563 0.66757123 0.99941383 0.99881797 0.99880383 0.
 0.66283525 0.99673687 0.98781196 0.99188458 0.99881094 0.99731423
 0.65993666 0.99911946 0.9888156  0.         0.95957026 0.
 0.98919077 0.99732541 0.99882835 0.99911478 0.66110896 0.99911321
 0.         0.99970649 0.         0.99787428 0.49500151 0.99420626
 0.99280576 0.98247664 0.66653339 0.99506818 0.67039106 0.99651163
 0.         0.         0.99508812 0.         0.99272621 0.
 0.9771261  0.         0.50029586 0.99826188 0.99768116 0.
 0.99705882 0.6556    ]
fscore:[0.98955311 0.99790982 0.6802314  0.99854693 0.37022901 0.99706745
 0.         0.64076555 0.99799714 0.94831322 0.9921875  0.
 0.99620881 0.99548872 0.99708455 0.97981546 0.99908285 0.99571061
 0.99308271 0.99787686 0.06492815 0.99560761 0.99790982 0.998793
 0.99821747 0.99758308 0.39908917 0.9979562  0.99458809 0.96812749
 0.72394243 0.99855783 0.99759036 0.00112486 0.         0.99526907
 0.         0.9539184  0.99773114 0.99734278 0.50007419 0.99527745
 0.91365945 0.99817851 0.68526523 0.         0.99620216 0.99506531
 0.99681252 0.00229885]
fscore:[0.66641075 0.         0.99883991 0.99882629 0.9991337  0.99789979
 0.99941072 0.99821958 0.9964518  0.99793083 0.66519736 0.99773756
 0.99129353 0.99882353 0.         0.         0.99229401 0.
 0.99332753 0.9964476  0.99140401 0.99699519 0.99589443 0.9985194
 0.41429971 0.99854609 0.998541   0.99734121 0.99814586 0.99630367
 0.73961279 0.99711816 0.99676185 0.99735527 0.99822485 0.99791356
 0.         0.99819277 0.99815498 0.6673088  0.99883856 0.
 0.99911946 0.99881797 0.39528449 0.99623079 0.92051557 0.99529688
 0.99853329 0.99858557]
fscore:[0.88525455 0.         0.98275862 0.96666667 0.97709481 0.99544211
 0.99329251 0.         0.00123001 0.48670695 0.         0.85685433
 0.9965773  0.99671936 0.97521143 0.99789474 0.9982415  0.
 0.94523674 0.         0.9973506  0.49732977 0.99679581 0.89129315
 0.9961136  0.99591599 0.9973738  0.99823633 0.86324216 0.98427223
 0.99712809 0.99473376 0.89287572 0.         0.5066157  0.96543504
 0.98372093 0.79843861 0.87076136 0.16747041 0.66759665 0.09534368
 0.99854185 0.         0.99759904 0.99609258 0.67808765 0.99692118
 0.07708553 0.44469453]
