precision:[0.         0.         0.48016997 0.         0.        ]
precision:[0.         0.         0.42067989 0.         0.        ]
precision:[0.         0.         0.44759207 0.         0.        ]
precision:[0.         0.         0.45184136 0.         0.        ]
precision:[0.         0.         0.46883853 0.         0.        ]
precision:[0.         0.         0.43909348 0.         0.        ]
precision:[0.         0.         0.49858357 0.         0.        ]
precision:[0.         0.         0.46175637 0.         0.        ]
precision:[0.        0.        0.4631728 0.        0.       ]
precision:[0.         0.         0.45184136 0.         0.        ]
