precision:[0.32413793 0.06533575 0.09423347 0.10344828 0.25157233]
precision:[0.36525612 0.16666667 0.30722892 0.08304498 0.19712526]
precision:[0.15686275 0.08860759 0.09333333 0.15295815 0.1686747 ]
precision:[0.22116689 0.18181818 0.03418803 0.45853659 0.14705882]
precision:[0.         0.22463768 0.         0.01219512 0.11709287]
precision:[0.11913357 0.12888889 0.08       0.44444444 0.13684211]
precision:[0.22503161 0.34782609 0.22048611 0.21940928 0.29166667]
precision:[0.23835616 0.05405405 0.2        0.56862745 0.13568773]
precision:[0.1076555  0.13429257 0.17037037 0.26       0.07272727]
precision:[0.25358852 0.24731183 0.38432836 0.17894737 0.2375    ]
