precision:[0.17610711 0.26341463 0.16568047 0.17391304 0.05232558]
precision:[0.19341126 0.17087846 0.33333333 0.85714286 0.27027027]
precision:[0.20787746 0.         0.4        0.33333333 0.36666667]
precision:[0.25490196 0.1902834  0.04545455 0.18373494 0.15212982]
precision:[0.12714777 0.16698113 0.16666667 0.15025907 0.13826367]
precision:[0.15151515 0.1509901  0.28559103 0.47222222 0.        ]
precision:[0.39622642 0.03607214 0.12078652 0.15555556 0.        ]
precision:[0.12554113 0.06451613 0.14864865 0.17014614 0.33333333]
precision:[0.22797927 0.12790698 0.19047619 0.3030303  0.0625    ]
precision:[0.22976501 0.0625     0.56349206 0.16641221 0.20379965]
