precision:[0.26027397 0.08163265 0.1316726  0.12790698 0.14471243]
precision:[0.3125     0.13416816 0.06912442 0.         0.19123506]
precision:[0.0625     0.09012876 0.29785479 0.47340426 0.26595745]
precision:[0.14529915 0.07142857 0.17097171 0.11869436 0.07531381]
precision:[0.23863636 0.18994413 0.16666667 0.1025641  0.        ]
precision:[0.22697795 0.15517241 0.31746032 0.5327381  0.20714286]
precision:[0.4        0.12658228 0.28571429 0.21518987 0.21643164]
precision:[0.3125     0.24437299 0.26764706 0.26923077 0.27071823]
precision:[0.18941504 0.06849315 0.20574163 0.23076923 0.1292517 ]
precision:[0.12       0.08783784 0.12080537 0.18435155 0.18817204]
