precision:[0.16071429 0.14049587 0.21582734 0.25398773 0.16666667]
precision:[0.38095238 0.132494   0.         0.08474576 0.2       ]
precision:[0.4083045  0.17156863 0.21629855 0.16       0.17241379]
precision:[0.38095238 0.03680982 0.0826087  0.11016949 0.20100503]
precision:[0.33333333 0.16504126 0.27096774 0.33633634 0.20689655]
precision:[0.38424821 0.04347826 0.24101796 0.19       0.14285714]
precision:[0.1686747  0.13661202 0.3        0.19674355 0.2       ]
precision:[0.21052632 0.30434783 0.18548387 0.15418502 0.24835886]
precision:[0.10242588 0.0729927  0.20176545 0.11320755 0.11284047]
precision:[0.3006993  0.         0.16393443 0.14473684 0.2027972 ]
