precision:[0.23636364 0.15158924 0.4005848  0.27745665 0.19230769]
precision:[0.20926518 0.1682243  0.32620321 0.19895288 0.2       ]
precision:[0.         0.14576271 0.29212363 0.21686747 0.35      ]
precision:[0.5        0.14736842 0.3185654  0.11491443 0.27272727]
precision:[0.17370892 0.32352941 0.40909091 0.13932584 0.14671815]
precision:[0.1        0.12121212 0.10824742 0.18322981 0.20689655]
precision:[0.21235103 0.15525114 0.         0.0733945  0.28350515]
precision:[0.14358974 0.0877193  0.65625    0.205807   0.25      ]
precision:[0.15957447 0.14396285 0.33333333 0.1880597  0.10736579]
precision:[0.13312693 0.         0.21768707 0.15697674 0.35545024]
