precision:[0.05521472 0.136      0.         0.125      0.        ]
precision:[0.20155039 0.         0.08860759 0.         0.        ]
precision:[0.         0.         0.         0.19531666 0.16666667]
precision:[0.19186047 0.         0.34576271 0.         0.21383204]
precision:[0.         0.         0.         0.18910256 0.        ]
precision:[0.        0.        0.        0.        0.2120085]
precision:[0.38996764 0.16666667 0.2601432  0.         0.25      ]
precision:[1.         0.         0.25226667 0.42857143 0.        ]
precision:[0.         0.39534884 0.         0.         0.21642197]
precision:[0.22240172 0.         0.         0.07407407 0.        ]
