precision:[0.        0.        0.4815864 0.        0.       ]
precision:[0.         0.         0.46458924 0.         0.        ]
precision:[0.         0.         0.45042493 0.         0.        ]
precision:[0.         0.         0.45325779 0.         0.        ]
precision:[0.         0.         0.45184136 0.         0.        ]
precision:[0.         0.         0.43484419 0.         0.        ]
precision:[0.         0.         0.44192635 0.         0.        ]
precision:[0.         0.         0.45609065 0.         0.        ]
precision:[0.         0.         0.46883853 0.         0.        ]
precision:[0.         0.         0.47308782 0.         0.        ]
