precision:[0.         0.41732283 0.         0.09586466 0.        ]
precision:[0.         0.33714286 0.         0.         1.        ]
precision:[0.         0.10526316 0.         0.         0.00601504]
precision:[0.0335277 0.        1.        0.        0.       ]
precision:[0.53030303 0.4016129  0.         0.         0.9       ]
precision:[0.         0.         0.         0.0988024  0.73684211]
precision:[0.04893964 0.         1.         0.10869565 0.        ]
precision:[0.58490566 0.632      0.         0.         0.01338432]
precision:[0.01346154 0.         0.         0.1910828  0.        ]
precision:[0.         0.35849057 0.46801872 0.08333333 0.        ]
