precision:[0.125      0.06060606 0.208061   0.44444444 0.15843271]
precision:[0.30679157 0.30243902 0.47679325 0.22923977 0.02484472]
precision:[0.45454545 0.18421053 0.15671642 0.15384615 0.36956522]
precision:[0.15384615 0.5        0.02173913 0.28070175 0.26840215]
precision:[0.27795527 0.1183432  0.25482625 0.05128205 0.3219697 ]
precision:[0.15827338 0.10848401 0.24137931 0.10169492 0.19062027]
precision:[0.32748538 0.11764706 0.34090909 0.18216319 0.12149533]
precision:[0.22868217 0.05769231 0.39922481 0.20802005 0.43959732]
precision:[0.46153846 0.07692308 0.2745098  0.08695652 0.23310023]
precision:[0.425      0.13888889 0.21983471 0.14837398 0.23076923]
