precision:[0.24242424 0.19945848 0.3021148  0.11917098 0.14049587]
precision:[0.15806988 0.12941176 0.31346154 0.7        0.12230216]
precision:[0.24539877 0.13202934 0.         0.25426621 0.33333333]
precision:[0.10989011 0.1686747  0.13265306 0.15024631 0.08762887]
precision:[0.2        0.1146789  0.16622691 0.19       0.2       ]
precision:[0.28429204 0.125      0.         0.23324022 0.16796875]
precision:[0.16666667 0.15480226 0.28436019 0.1217862  0.15789474]
precision:[0.168      0.05537459 0.23317536 0.32608696 0.16013072]
precision:[0.13945173 0.0377907  0.42259414 0.0955414  0.29530201]
precision:[0.46276596 0.05208333 0.0952381  0.29333333 0.14027149]
