precision:[0.27777778 0.24786325 0.47727273 0.21059269 0.2958153 ]
precision:[0.08333333 0.24637681 0.32097187 0.17750827 0.16504854]
precision:[0.19891746 0.13719512 0.2        0.24698795 0.27083333]
precision:[0.11730205 0.06530612 0.06681034 0.15384615 0.33796296]
precision:[0.11993243 0.14285714 0.43364486 0.19259259 0.17721519]
precision:[0.18166384 0.09090909 0.36021505 0.29662522 0.11585366]
precision:[0.11111111 0.21221613 0.48979592 0.17269076 0.10666667]
precision:[0.23756219 0.18814433 0.31578947 0.19607843 0.18723404]
precision:[0.12865497 0.25       0.17703349 0.10786517 0.04316547]
precision:[0.09473684 0.05445545 0.24015009 0.10228509 0.17073171]
