precision:[1.         0.93644068 0.90361446 1.         0.82352941]
precision:[1.         0.92405063 0.89504373 0.98611111 0.84      ]
precision:[0.96875    0.97802198 0.84061697 0.85714286 0.78947368]
precision:[1.         0.85185185 0.80273973 0.9375     0.85185185]
precision:[1.         0.89211618 0.88304094 0.98461538 0.68      ]
precision:[1.         0.90789474 0.85269122 0.98305085 0.75862069]
precision:[1.         0.95652174 0.77970297 1.         0.75      ]
precision:[1.         0.95909091 0.88760807 0.86516854 0.8       ]
precision:[1.         0.96685083 0.72771084 1.         0.75      ]
precision:[1.         0.97959184 0.72941176 0.94117647 0.65625   ]
