precision:[0.23076923 0.33333333 0.23700055 0.28571429 0.        ]
precision:[0.08064516 0.27113703 0.078125   0.18245968 0.20441989]
precision:[0.17738791 0.16573034 0.         0.13989637 0.1442953 ]
precision:[0.35789474 0.08201893 0.27329975 0.07535642 0.38297872]
precision:[0.23160763 0.12173913 0.29979466 0.25301205 0.26290516]
precision:[0.17377049 0.20833333 0.40482574 0.27472527 0.05882353]
precision:[0.19975787 0.06513872 0.23245614 1.         0.        ]
precision:[0.17460317 0.75       0.22243714 0.22       0.03418803]
precision:[0.17647059 0.22361809 0.3371179  0.23648649 0.10344828]
precision:[0.10882353 0.1460177  0.20178571 0.32222222 0.13513514]
