precision:[0.19434629 0.10588235 0.14705882 0.1875     0.14285714]
precision:[0.1984127  0.14715719 0.0990099  0.25774648 0.1209068 ]
precision:[0.37209302 0.08571429 0.36594203 0.15837104 0.24493392]
precision:[0.23755187 0.19518072 0.30331754 0.18253968 0.37278107]
precision:[0.35714286 0.10659898 0.25       0.25925926 0.21598002]
precision:[0.14840989 0.08394161 0.32112676 0.16288952 0.2247191 ]
precision:[0.14705882 0.38461538 0.15909091 0.52631579 0.21317158]
precision:[0.04854369 0.08441558 0.2421875  0.09414758 0.08484848]
precision:[0.43181818 0.04524887 0.19981835 0.28150134 0.31372549]
precision:[0.23917137 0.19298246 0.14693878 0.26714286 0.26136364]
