precision:[0.25       0.18021201 0.27983252 0.33333333 0.1875    ]
precision:[0.24307692 0.24096386 0.32147239 0.46341463 0.3432282 ]
precision:[0.28101266 0.10526316 0.14893617 0.30855856 0.12727273]
precision:[0.2        0.14119923 0.2560241  0.35714286 0.28950404]
precision:[0.30143014 0.25635104 0.22580645 0.1212938  0.14893617]
precision:[0.18452381 0.08810573 0.28787879 0.11774744 0.35      ]
precision:[0.13043478 0.09821429 0.31050228 0.17513514 0.13035019]
precision:[0.18666667 0.22891566 0.22248521 0.14168937 0.1184466 ]
precision:[0.07954545 0.21428571 0.13333333 0.14705882 0.22037736]
precision:[0.23529412 0.13483146 0.32867133 0.17863398 0.02631579]
