precision:[0.22113022 0.0974026  0.25       0.12461059 0.2886406 ]
precision:[0.42857143 0.23770492 0.05263158 0.24403183 0.3553719 ]
precision:[0.23578595 0.08641975 0.27689873 0.25100402 0.32894737]
precision:[0.11158798 0.28571429 0.27734375 0.22745902 0.12820513]
precision:[0.23312883 0.14316703 0.43129771 0.1869783  0.14      ]
precision:[0.18229167 0.08163265 0.19823232 0.12371134 0.28448276]
precision:[0.21276596 0.06832298 0.05116279 0.08722359 0.35802469]
precision:[0.14285714 0.33333333 0.1661442  0.14545455 0.1957796 ]
precision:[0.19296741 0.26229508 0.28433269 0.06015038 0.5       ]
precision:[0.15222482 0.15707434 0.05194805 0.14       0.07058824]
