precision:[1.         0.83333333 0.54071661 1.         0.80555556]
precision:[0.74468085 0.66666667 0.53634895 1.         0.69444444]
precision:[0.80487805 0.75       0.57040998 1.         0.72413793]
precision:[1.         0.66666667 0.51618399 1.         0.73333333]
precision:[0.8        0.75       0.48484848 0.         0.7       ]
precision:[0.68888889 1.         0.50874404 0.         0.8       ]
precision:[0.775      1.         0.50713154 1.         0.71428571]
precision:[0.81578947 1.         0.54844291 1.         0.65517241]
precision:[0.84615385 0.84615385 0.59585492 1.         0.88461538]
precision:[0.71794872 0.66666667 0.56293706 1.         0.77777778]
