precision:[0.         0.         0.51701783 0.69662921 0.        ]
precision:[0.         0.         0.51480263 0.70114943 0.2       ]
precision:[0.         0.         0.53236246 0.77272727 0.        ]
precision:[0.         0.         0.5210356  0.72727273 0.        ]
precision:[0.         0.         0.54013378 0.73148148 0.        ]
precision:[0.         0.         0.52146264 0.68831169 0.        ]
precision:[0.         0.         0.50160772 0.69047619 0.        ]
precision:[0.         0.         0.52373159 0.8        0.66666667]
precision:[0.         0.         0.50488599 0.73913043 0.        ]
precision:[0.         0.         0.51986755 0.71568627 0.        ]
