precision:[0.         0.30275229 0.58928571 0.03940887 0.06832298]
precision:[0.16666667 0.25925926 0.49576271 0.         0.09836066]
precision:[0.20833333 0.52       0.09090909 0.         0.03653846]
precision:[0.02426343 0.         0.58947368 0.44444444 0.        ]
precision:[0.00255754 0.24590164 0.51538462 0.         0.16666667]
precision:[0.02657005 0.3255814  0.21568627 0.04285714 0.03896104]
precision:[0.00595238 0.         0.18181818 0.10663984 0.22222222]
precision:[0.02462121 0.01449275 0.         0.05660377 0.07407407]
precision:[0.         0.22727273 0.05714286 0.10095238 0.        ]
precision:[0.         0.         0.         0.10997442 0.        ]
