precision:[0.19872306 0.30645161 0.36099585 0.15873016 0.04      ]
precision:[0.31944444 0.08333333 0.13868613 0.27272727 0.18744229]
precision:[0.19114471 0.25949367 0.31780822 0.08080808 0.2125    ]
precision:[0.12683824 0.02941176 0.5456621  0.46351931 0.29613734]
precision:[0.14534884 0.09375    0.12043796 0.23539519 0.06860158]
precision:[0.16054159 0.07617188 0.20588235 0.16988417 0.18181818]
precision:[0.22190202 0.14285714 0.25       0.18245125 0.07017544]
precision:[0.26492942 0.10483871 0.04507042 0.20879121 0.24873096]
precision:[0.29787234 0.16891892 0.17391304 0.16911765 0.23535676]
precision:[0.27248677 0.1        0.59770115 0.14594595 0.27136929]
