precision:[0.26618705 0.02222222 0.11111111 0.15865385 0.16528926]
precision:[0.1773231  0.10989011 0.15087719 0.09333333 0.22222222]
precision:[0.         0.13276492 0.12921348 0.20481928 0.16813049]
precision:[0.25       0.         0.11538462 0.12195122 0.21672355]
precision:[0.23733004 0.13253012 0.12268908 0.14685315 0.03571429]
precision:[0.25833333 0.0861244  0.22380107 0.14342105 0.31759657]
precision:[0.12442396 0.12       0.5        0.09513274 0.19130435]
precision:[0.45833333 0.03448276 0.14285714 0.22375091 0.17307692]
precision:[0.38211382 0.31578947 0.32885906 0.23413762 0.09375   ]
precision:[0.19230769 0.21612903 0.2038835  0.21804511 0.25806452]
