precision:[0.19811321 0.105      0.07142857 0.14556962 0.26823135]
precision:[0.32846715 0.04678363 0.2404943  0.15151515 0.24836601]
precision:[0.17721519 0.28185328 0.21610169 0.17334576 0.        ]
precision:[0.06666667 0.17897092 0.31868132 0.11993769 0.09090909]
precision:[0.29411765 0.32975871 0.10597826 0.2094055  0.        ]
precision:[0.23755656 0.09310345 0.29411765 0.14285714 0.26819923]
precision:[0.29947917 0.19331395 0.42063492 0.31132075 0.13846154]
precision:[0.15926893 0.13513514 0.12156863 0.16993464 0.15433404]
precision:[0.27419355 0.16722783 0.27238806 0.22807018 0.07284768]
precision:[0.27459954 0.17680744 0.         0.42857143 0.12      ]
