precision:[0.32098765 0.25       0.44859813 0.21621622 0.06      ]
precision:[0.         0.44       0.47404844 0.13043478 0.02222222]
precision:[0.00226757 0.11111111 0.66666667 0.06629834 0.2       ]
precision:[0.01904762 0.28690808 0.38285714 0.23529412 0.34      ]
precision:[0.4375     0.34913112 0.         0.         0.05128205]
precision:[0.07954545 0.         0.46904762 0.01315789 0.09836066]
precision:[0.04496124 0.42424242 0.23076923 0.         0.41666667]
precision:[0.         0.26785714 0.40694006 0.25       0.        ]
precision:[0.         0.375      0.55228758 0.         0.        ]
precision:[0.         0.         0.3375     0.22222222 0.05204461]
