precision:[0.2238548  0.34482759 0.12690355 0.0941704  0.05660377]
precision:[0.125      0.20093458 0.20519481 0.19335347 0.0995671 ]
precision:[0.22262774 0.24271845 0.39274924 0.16533333 0.14519906]
precision:[0.25385935 0.1059322  0.31761006 0.24654378 0.25796178]
precision:[0.09950249 0.15588235 0.3013245  0.18282989 0.09090909]
precision:[0.17852349 0.24882629 0.         0.18018018 0.15640599]
precision:[0.24356913 0.13213213 0.36170213 0.3        0.        ]
precision:[0.19252468 0.         0.27142857 0.27828746 0.14285714]
precision:[0.29302326 0.16610169 0.26647564 0.25944171 0.10891089]
precision:[0.25324675 0.15856574 0.35640138 0.36363636 0.45454545]
