precision:[0.2639843  0.08108108 0.032      0.1824     0.2       ]
precision:[0.24697581 0.12760417 0.23643411 0.10833333 0.54545455]
precision:[0.19004525 0.19444444 0.35714286 0.26525199 0.2       ]
precision:[0.21136364 0.13307494 0.8        0.121673   0.15014164]
precision:[0.12927757 0.0552677  0.13043478 0.1085044  0.33231707]
precision:[0.30568356 0.25555556 0.22402159 0.32692308 0.23076923]
precision:[0.3        0.06896552 0.28269485 0.12587413 0.13227513]
precision:[0.52173913 0.17595541 0.28506787 0.33536585 0.        ]
precision:[0.07717042 0.19496855 0.29327731 0.24691358 0.19444444]
precision:[0.23863636 0.33928571 0.16129032 0.32217573 0.05405405]
