precision:[0.11055276 0.23529412 0.20058997 0.13043478 0.20782396]
precision:[0.23529412 0.07534247 0.26064736 0.15730337 0.12732919]
precision:[0.47826087 0.16216216 0.36734694 0.15392562 0.14563107]
precision:[0.23076923 0.20661157 0.22594595 0.10655738 0.18297872]
precision:[0.13402062 0.15       0.33035714 0.1494382  0.09767442]
precision:[0.20224719 0.17213115 0.17857143 0.20322355 0.28767123]
precision:[0.04166667 0.10394737 0.26256983 0.18796992 0.36520076]
precision:[0.         0.15963303 0.         0.13370474 0.08920188]
precision:[0.15       0.14363144 0.46527778 0.1097561  0.19444444]
precision:[0.19554031 0.22543353 0.18611987 0.1011236  0.43809524]
