precision:[1.         1.         0.         1.         0.         0.
 1.         0.99820789 0.34307572 0.49156977 1.         1.
 0.         0.50044183 0.         0.         0.20496161 1.
 0.         0.99642005 0.         0.         0.24944122 0.
 0.         0.2432953  1.         1.         1.         1.
 0.9640821  0.         0.33596526 0.         0.99942661 0.45721407
 1.         0.         1.         0.         0.         0.
 0.3269685  0.         1.         0.99941555 1.         0.
 1.         1.        ]
precision:[1.         1.         0.         1.         0.50030211 0.
 1.         1.         1.         0.50655152 0.50356718 1.
 0.50384615 0.49704142 0.08975037 0.         0.         1.
 0.99705882 1.         0.         0.32905138 0.49886234 1.
 0.         0.         1.         1.         1.         0.99942029
 0.         0.         0.99703088 0.         1.         0.
 0.99941827 0.         1.         0.         0.         0.
 0.         0.         1.         1.         0.49404052 0.
 0.         1.        ]
precision:[1.         1.         0.24108584 1.         0.         0.32301887
 1.         1.         0.         0.49439528 0.48348783 1.
 0.         0.         0.         0.         0.         0.99756098
 0.         1.         0.50071613 0.03846154 0.         0.
 0.         0.50669842 1.         1.         1.         1.
 1.         0.50089445 0.         0.33504747 1.         0.
 0.99765533 0.32003115 1.         0.         0.32318869 0.48845367
 0.4959326  0.         0.         0.99583581 0.99883721 0.5110316
 0.         1.        ]
