precision:[0.         0.         0.         0.         0.         0.
 0.         0.         0.         0.         0.         0.
 0.         0.05695896 0.         0.         0.         0.
 0.         0.         0.         0.         0.         0.
 0.         0.         0.         0.         0.         0.0960065
 0.         0.         0.         0.         0.         0.
 0.         0.         0.         0.         0.         0.
 0.         0.         0.         0.         0.04108144 0.
 0.         0.        ]
precision:[0.         0.         0.         0.         0.96406161 0.
 0.         0.10202622 0.24721055 0.         0.         0.
 0.         0.         0.         0.         0.         0.
 0.24506337 0.         0.49870801 0.         0.         0.
 0.08204542 0.         0.         0.         0.         0.
 0.         0.         0.         0.         0.         0.
 0.         0.         0.98202516 0.         0.         0.
 0.         0.         0.18272179 0.         0.11822828 0.
 0.         0.        ]
precision:[0.02439024 0.         0.         1.         0.7184084  0.99640719
 0.         0.49670066 0.48943461 1.         0.         1.
 0.99881094 0.99879008 0.         1.         1.         1.
 0.51376413 1.         0.99300699 1.         0.         0.85847589
 1.         0.33212996 0.         1.         1.         0.
 1.         1.         0.33149498 1.         0.23501645 0.99255014
 0.8797954  0.         0.         0.         1.         1.
 0.         1.         0.55788097 0.99538106 0.48744461 0.36893204
 0.         0.        ]
