precision:[0.         0.         0.         0.         0.         0.
 0.         0.         0.         0.09941176]
precision:[0.         0.         0.09758824 0.         0.         0.
 0.         0.         0.         0.        ]
precision:[0.         0.         0.         0.09841176 0.         0.
 0.         0.         0.         0.        ]
precision:[0.         0.         0.10135294 0.         0.         0.
 0.         0.         0.         0.        ]
precision:[0.         0.         0.10041176 0.         0.         0.
 0.         0.         0.         0.        ]
precision:[0.         0.         0.         0.         0.09423529 0.
 0.         0.         0.         0.        ]
precision:[0.         0.         0.         0.         0.         0.
 0.         0.         0.         0.10170588]
precision:[0.         0.         0.09705882 0.         0.         0.
 0.         0.         0.         0.        ]
precision:[0.         0.         0.         0.         0.         0.09952941
 0.         0.         0.         0.        ]
precision:[0.         0.         0.         0.         0.         0.09905882
 0.         0.         0.         0.        ]
