precision:[0.         0.         0.         0.         0.         0.
 0.         0.         0.         0.09735294]
precision:[0.10041176 0.         0.         0.         0.         0.
 0.         0.         0.         0.        ]
precision:[0.         0.         0.         0.         0.         0.
 0.         0.         0.         0.09682353]
precision:[0.    0.    0.    0.    0.    0.    0.099 0.    0.    0.   ]
precision:[0.         0.10035294 0.         0.         0.         0.
 0.         0.         0.         0.        ]
precision:[0.         0.         0.         0.         0.         0.
 0.         0.         0.09705882 0.        ]
precision:[0.         0.         0.         0.         0.         0.
 0.         0.         0.         0.10258824]
precision:[0.09941176 0.         0.         0.         0.         0.
 0.         0.         0.         0.        ]
precision:[0.         0.         0.         0.09870588 0.         0.
 0.         0.         0.         0.        ]
precision:[0.         0.         0.         0.         0.         0.
 0.09911765 0.         0.         0.        ]
