precision:[1.         0.49708625 1.         0.         1.         0.99941315
 1.         1.         1.         0.99940084 1.         1.
 1.         1.         1.         0.99822064 0.99818841 0.
 0.9957755  1.         1.         1.         1.         1.
 0.         0.99825175 1.         0.99771167 1.         1.
 1.         1.         1.         1.         1.         1.
 1.         1.         1.         1.         0.99822275 0.9976429
 1.         0.25393556 0.         1.         1.         1.
 1.         0.8635468 ]
precision:[0.99248555 0.50262697 1.         1.         1.         0.
 0.49655568 1.         0.98438404 0.99039616 1.         1.
 0.4936334  1.         0.9784336  0.         0.92782941 0.
 0.9976429  1.         1.         1.         0.49492017 1.
 0.         1.         0.         1.         0.32963486 0.99535963
 0.99080988 0.96666667 0.50150421 0.99651365 0.50511124 0.99709133
 0.         0.         0.99193548 0.         0.98669751 0.
 0.99760479 0.         0.33418972 1.         1.         0.
 0.99941038 0.48910773]
precision:[0.98270893 1.         0.51588502 1.         1.         1.
 0.         0.47261434 0.99942693 1.         0.98803112 0.
 0.99708114 0.99280144 1.         0.96588971 1.         0.99885255
 0.98980815 0.99878567 0.52136752 1.         0.99701671 1.
 0.99821747 1.         0.24936349 1.         0.99578567 0.93874172
 0.56907782 1.         1.         1.         0.         0.99409333
 0.         0.92751142 0.99943182 0.99822695 0.3338617  0.99763314
 0.84270217 1.         0.52278177 0.         0.99882835 0.99651163
 1.         0.125     ]
precision:[0.50072108 0.         1.         0.9994128  1.         1.
 1.         1.         1.         1.         0.49909802 0.99773756
 1.         1.         0.         0.         0.99880668 0.
 0.99016773 0.99822064 0.98575499 0.99819495 0.99941142 0.99940723
 1.         0.99941793 0.99824971 1.         1.         1.
 0.58803182 1.         1.         0.99882284 0.99940758 1.
 0.         1.         1.         0.50173812 1.         0.
 1.         1.         0.24665966 1.         0.85316078 0.9976429
 1.         1.        ]
precision:[0.79563774 0.         0.97752809 0.93959363 0.99059377 1.
 0.99765671 0.         0.0625     0.32978506 0.         0.75188303
 0.99771559 1.         0.96313364 1.         0.99941315 0.
 0.89664502 0.         1.         0.34284399 1.         0.80727951
 0.99760479 1.         0.99824766 1.         1.         0.97067118
 1.         0.99473376 0.81067044 0.         0.33984221 0.99876695
 0.97241379 0.99645704 1.         0.35174954 0.50209832 1.
 1.         0.         1.         1.         0.51466586 1.
 0.32017544 0.3069241 ]
