precision:[0.         0.99649942 0.95171252 0.56312625 0.99758308 0.99705882
 0.44967707 0.99769186 1.         0.        ]
precision:[0.         0.         0.         0.21378114 0.46830321 0.8902439
 0.98182884 0.98133022 0.         0.        ]
precision:[0.         0.         0.         0.         0.         0.12537687
 0.         1.         0.         0.        ]
precision:[0.         0.         0.         0.33386264 0.         0.
 0.19634595 0.57787433 0.         0.        ]
precision:[0.         0.         0.         0.99761621 0.         0.
 0.47616262 0.3345902  0.9871345  0.98139797]
precision:[1.         1.         1.         0.99703791 0.         0.
 1.         1.         0.         0.24416544]
precision:[0.         0.41642085 0.         0.82205514 0.         0.
 0.15836153 0.         0.         0.        ]
precision:[0.98191068 0.         0.         0.         0.         0.0109589
 1.         0.26735669 0.25229284 0.18897638]
precision:[0.91557018 0.         0.37557756 0.29899543 1.         0.
 0.         1.         0.98044693 0.08      ]
precision:[2.01250442e-01 0.00000000e+00 0.00000000e+00 1.00000000e+00
 5.85823081e-04 9.55721679e-01 9.82248521e-01 1.00000000e+00
 0.00000000e+00 0.00000000e+00]
