precision:[0.         0.         0.         0.         0.         0.
 0.         0.         0.         0.09705882]
precision:[0.         0.         0.10082353 0.         0.         0.
 0.         0.         0.         0.        ]
precision:[0.         0.         0.         0.10294118 0.         0.
 0.         0.         0.         0.        ]
precision:[0.    0.    0.    0.    0.    0.    0.    0.    0.    0.101]
precision:[0.         0.         0.         0.         0.         0.
 0.         0.         0.09652941 0.        ]
precision:[0.         0.         0.         0.         0.         0.10152941
 0.         0.         0.         0.        ]
precision:[0.         0.         0.         0.         0.         0.09952941
 0.         0.         0.         0.        ]
