precision:[1.         1.         0.54789015 1.         0.99717833 0.
 0.98510131 1.         0.51811164 0.         0.74615722 0.9959326
 0.59198866 0.34521722 0.28197773 0.         0.         0.98475967
 0.         0.99823217 0.9994012  0.         0.49941142 1.
 1.         0.         1.         0.99876771 0.92018244 1.
 1.         0.98698359 0.         1.         1.         0.68003176
 0.99882145 0.         1.         0.         0.24402271 1.
 0.         0.92225951 1.         1.         0.97548461 1.
 0.9964455  1.        ]
precision:[0.         0.         0.         0.0023753  0.         0.49500588
 0.         0.         0.51790471 0.40364152 0.         0.
 0.35252399 0.         0.         0.33063373 0.92166667 0.98393574
 0.         0.96332945 1.         0.         0.99822064 0.16336157
 1.         0.         0.90692641 0.99941038 0.         0.
 0.         0.54372624 0.22583082 0.         0.         0.
 0.99819712 0.         0.         0.33006279 0.         0.
 0.30285714 0.61830934 0.99769186 0.33899693 0.99709133 0.
 0.99769585 0.95088521]
precision:[0.         0.         0.         0.         0.         0.
 0.         0.         0.         0.         0.         0.
 0.         0.         0.         0.         0.         0.
 0.         0.         0.         0.         0.         0.
 0.         0.01971765 0.         0.         0.         0.
 0.         0.         0.         0.         0.         0.
 0.         0.         0.         0.         0.         0.
 0.         0.         0.         0.         0.         0.
 0.         0.        ]
precision:[0.         0.9987715  0.         0.4745952  0.99941246 1.
 1.         0.49955397 0.9374289  0.         1.         0.87090164
 0.         0.96083839 0.99821747 0.         0.4833183  0.98555748
 0.         0.998779   0.92229368 0.         1.         0.49752259
 0.60792151 0.49715994 0.90258342 1.         0.96304591 0.97712979
 1.         0.         0.5092006  0.         1.         1.
 0.         0.         0.         0.13948408 0.33418719 0.99943883
 0.98671288 0.99424626 0.         1.         0.         0.99881446
 0.         0.99090358]
precision:[1.         1.         1.         1.         0.99941452 0.
 1.         1.         0.62365989 1.         0.99600685 1.
 0.98418278 0.99941623 0.33293886 1.         1.         0.97211155
 0.99769186 0.99398677 1.         0.         0.93359818 0.
 1.         0.         1.         0.99941452 1.         0.99530516
 1.         0.9851632  0.99823633 1.         0.99570025 1.
 1.         0.70186599 0.99943117 0.94604905 1.         1.
 0.99942063 0.33779609 1.         0.90802764 0.98916762 0.
 1.         0.99820252]
