precision:[1.         1.         0.         0.         0.49642857 0.
 1.         0.99011053 1.         0.19907076 0.5020564  0.51001144
 0.         0.99434389 0.48556825 0.         0.         1.
 0.         1.         0.9921875  0.48662944 0.33138856 0.
 0.45878821 1.         0.5020432  1.         1.         1.
 0.         0.         0.         1.         1.         0.50641774
 0.99940191 0.33947833 1.         0.         0.         0.
 0.         0.         0.         1.         0.50403691 0.32661842
 0.         0.        ]
precision:[1.         1.         1.         1.         0.         0.99766355
 1.         0.99885845 1.         0.97992192 0.33155292 0.99941176
 0.         0.24678551 0.49401198 0.20108889 1.         1.
 0.4941075  0.         0.         0.         0.         0.49470066
 0.         0.20064301 1.         1.         0.33189317 1.
 0.         0.         0.         0.         1.         0.01863354
 1.         0.99283154 1.         1.         0.         0.
 0.         0.         1.         0.         0.         0.
 0.50652045 1.        ]
