precision:[0.99586533 0.         1.         1.         0.50470588 0.
 0.         0.0677198  0.         0.         0.         0.38201247
 1.         0.         1.         0.         0.99283154 0.94885456
 0.9994152  0.99595376 1.         0.         0.32866995 0.
 1.         0.98738532 0.99343675 1.         0.         0.97449275
 0.         0.31311976 0.         0.         0.33937824 0.
 1.         0.         0.99938688 0.         0.49560375 0.
 0.98759598 0.         0.         0.         0.98390805 0.
 0.         0.        ]
precision:[0.         0.01984706 0.         0.         0.         0.
 0.         0.         0.         0.         0.         0.
 0.         0.         0.         0.         0.         0.
 0.         0.         0.         0.         0.         0.
 0.         0.         0.         0.         0.         0.
 0.         0.         0.         0.         0.         0.
 0.         0.         0.         0.         0.         0.
 0.         0.         0.         0.         0.         0.
 0.         0.        ]
precision:[0.         0.         0.         0.         0.         0.
 0.         0.         0.         0.         0.         0.
 0.         0.         0.         0.         0.         0.02008235
 0.         0.         0.         0.         0.         0.
 0.         0.         0.         0.         0.         0.
 0.         0.         0.         0.         0.         0.
 0.         0.         0.         0.         0.         0.
 0.         0.         0.         0.         0.         0.
 0.         0.        ]
precision:[0.         0.         0.         0.         0.         0.
 0.         0.         0.         0.         0.         0.
 0.         0.         0.         0.         0.         0.
 0.         0.         0.         0.         0.         0.
 0.         0.         0.         0.         0.         0.
 0.         0.         0.         0.         0.         0.
 0.         0.02048235 0.         0.         0.         0.
 0.         0.         0.         0.         0.         0.
 0.         0.        ]
precision:[0.         0.         1.         0.         1.         1.
 0.         0.         1.         0.         0.         0.99882422
 0.         0.01087036 0.01077375 1.         0.         0.
 0.99516324 0.         0.         1.         0.24881094 0.
 0.         0.99940863 0.         0.         0.50824985 0.24327122
 0.51067073 0.98245614 1.         0.         0.18831607 0.
 0.98781196 0.         0.         0.         0.         0.
 1.         0.         0.         1.         0.         0.91666667
 0.63136381 0.0018018 ]
precision:[0.         0.         0.         0.         0.         0.
 0.         0.         0.         0.         0.         0.
 0.         0.         0.         0.         0.         0.
 0.         0.         0.         0.         0.         0.
 0.         0.         0.         0.         0.         0.
 0.         0.         0.         0.         0.         0.
 0.         0.         0.         0.         0.         0.
 0.         0.02012941 0.         0.         0.         0.
 0.         0.        ]
