precision:[1.         0.99655568 1.         1.         0.99816401 1.
 1.         1.         1.         0.96732394]
precision:[1.         0.98234624 1.         0.99053254 1.         0.99705536
 0.99940758 0.99939686 1.         1.        ]
precision:[1.         1.         1.         0.99711982 1.         0.98472385
 1.         0.9835966  1.         1.        ]
precision:[0.98600583 1.         0.99827089 1.         1.         0.
 0.97789412 1.         1.         0.49737456]
precision:[1.         0.99304348 0.99518072 0.99823529 0.99939832 0.98220436
 1.         1.         1.         0.99263456]
precision:[1.         1.         0.99710648 0.99012202 0.98358663 1.
 1.         1.         1.         0.99940933]
precision:[0.99649328 0.98688134 1.         0.99941623 0.98219585 0.99650553
 0.99582339 0.99883991 1.         1.        ]
