precision:[0.         0.         0.         0.         0.         0.
 0.         1.         0.         0.         0.         0.
 0.         0.05288789 0.         0.         0.06061171 0.
 0.         0.         0.         0.         0.         0.
 0.         0.         0.         0.         0.         0.
 0.         0.         0.         0.         0.06699147 0.
 0.         0.         0.         0.01176471 0.         0.
 0.         0.         0.         0.         0.         0.
 0.         0.        ]
precision:[0.48957713 0.         0.         0.19858321 0.         0.
 0.         0.50459006 0.         0.         0.         0.
 0.05848783 0.         0.         0.         0.         0.
 0.         0.         0.         0.         0.0415127  0.
 0.         0.         0.         0.         0.         0.
 0.         0.         0.         0.         0.         0.
 0.         0.         0.9982548  0.         0.         0.
 0.         0.         0.         0.         0.         0.
 0.         0.        ]
