precision:[0.95774648 0.99262202 0.76626506 0.85608309 1.         1.
 0.99415205 0.48399302 0.99823009 0.99614396 0.99329677 0.32349272
 0.98560288 1.         1.         0.50325251 0.5232342  0.
 0.93810335 0.         1.         0.99405116 0.         0.99777654
 0.51201641 0.53805601 0.82536585 0.         0.         0.97585999
 0.92707182 0.97304885 0.50877193 0.54625164 0.         0.41935484
 0.64836224 0.38295902 0.9783105  0.29202304 0.         0.
 1.         0.49607216 0.         0.         0.95072464 0.49212598
 0.98616715 0.        ]
precision:[0.         0.3322141  0.43156357 0.         0.         0.
 1.         0.         0.         0.90186635 0.         0.
 0.         0.         0.         0.         0.25123374 0.
 0.         0.         0.         0.20105758 0.         0.50213285
 0.         0.90221307 0.         0.         0.         0.3352858
 0.         0.22566766 0.         1.         0.         0.
 0.4938989  0.         0.         0.         0.07190642 0.
 1.         0.         0.         0.16564969 0.99941452 0.
 0.         0.        ]
precision:[0.99942857 0.99942496 0.99758454 1.         0.99418266 0.24647465
 0.         1.         0.91372762 0.         0.33150363 0.99585062
 0.99323909 0.98346056 0.99880597 0.         1.         0.99940547
 1.         0.99710145 0.87001024 0.97447533 0.94852516 0.33793245
 0.99821958 0.         0.50297974 0.99584323 0.         0.99420626
 0.04545455 0.95803022 0.         0.90343223 1.         1.
 0.49360465 1.         0.99754902 0.99191686 1.         1.
 1.         1.         0.99881306 0.         0.98948598 0.58333333
 1.         0.98175397]
precision:[1.         0.99770511 1.         1.         1.         1.
 1.         1.         1.         1.         0.9474606  0.99754902
 0.5126322  0.99585799 1.         1.         1.         1.
 1.         0.99769186 0.99942063 1.         1.         1.
 0.99830891 1.         1.         0.99940828 1.         0.
 1.         1.         0.98460628 0.99800133 1.         1.
 0.01136364 1.         1.         0.9994152  0.99704317 0.99651365
 1.         1.         1.         1.         0.47266167 1.
 1.         1.        ]
