precision:[0.         0.         0.         0.         0.09852941 0.
 0.         0.         0.         0.        ]
precision:[0.         0.         0.         0.         0.         0.
 0.         0.         0.09964706 0.        ]
precision:[0.         0.         0.         0.         0.09923529 0.
 0.         0.         0.         0.        ]
precision:[0.         0.         0.         0.         0.         0.
 0.09852941 0.         0.         0.        ]
precision:[0.         0.         0.         0.         0.         0.
 0.         0.         0.09711765 0.        ]
precision:[0.         0.         0.         0.         0.         0.09858824
 0.         0.         0.         0.        ]
