precision:[0.         0.         0.         0.         0.         0.
 0.         0.         0.09917647 0.        ]
precision:[0.         0.         0.         0.         0.10217647 0.
 0.         0.         0.         0.        ]
precision:[0.         0.         0.09670588 0.         0.         0.
 0.         0.         0.         0.        ]
precision:[0.    0.    0.    0.    0.    0.    0.    0.    0.    0.098]
precision:[0.         0.         0.         0.         0.         0.
 0.         0.09941176 0.         0.        ]
precision:[0.         0.         0.         0.         0.         0.10194118
 0.         0.         0.         0.        ]
precision:[0.         0.         0.10035294 0.         0.         0.
 0.         0.         0.         0.        ]
precision:[0.    0.    0.    0.    0.    0.099 0.    0.    0.    0.   ]
precision:[0.         0.         0.         0.         0.09952941 0.
 0.         0.         0.         0.        ]
precision:[0.         0.         0.         0.         0.         0.
 0.         0.         0.10135294 0.        ]
