precision:[0.     0.     0.     0.     0.     0.     0.     0.     0.     0.
 0.     0.     0.     0.     0.     0.     0.     0.     0.     0.
 0.     0.     0.     0.     0.     0.0198 0.     0.     0.     0.
 0.     0.     0.     0.     0.     0.     0.     0.     0.     0.
 0.     0.     0.     0.     0.     0.     0.     0.     0.     0.    ]
precision:[0.         0.         0.         0.         0.         0.
 0.         0.         0.         0.         0.         0.
 0.         0.         0.         0.         0.         0.01964706
 0.         0.         0.         0.         0.         0.
 0.         0.         0.         0.         0.         0.
 0.         0.         0.         0.         0.         0.
 0.         0.         0.         0.         0.         0.
 0.         0.         0.         0.         0.         0.
 0.         0.        ]
precision:[0.     0.     0.     0.     0.     0.     0.     0.     0.     0.
 0.     0.     0.     0.     0.     0.     0.     0.     0.     0.
 0.     0.     0.     0.     0.     0.     0.     0.     0.     0.
 0.     0.     0.     0.     0.     0.     0.     0.     0.     0.
 0.     0.     0.     0.     0.0192 0.     0.     0.     0.     0.    ]
precision:[0.         0.         0.         0.         0.         0.
 0.         0.         0.         0.         0.         0.
 0.         0.         0.         0.         0.         0.
 0.         0.         0.         0.         0.         0.
 0.         0.         0.         0.         0.         0.
 0.         0.         0.         0.         0.         0.
 0.         0.         0.         0.         0.         0.
 0.         0.         0.02009412 0.         0.         0.
 0.         0.        ]
precision:[0.         0.         0.         0.         0.         0.
 0.02029412 0.         0.         0.         0.         0.
 0.         0.         0.         0.         0.         0.
 0.         0.         0.         0.         0.         0.
 0.         0.         0.         0.         0.         0.
 0.         0.         0.         0.         0.         0.
 0.         0.         0.         0.         0.         0.
 0.         0.         0.         0.         0.         0.
 0.         0.        ]
