precision:[1.         1.         1.         1.         0.99759181 0.99818072
 1.         1.         0.99815725 1.         0.96982008 1.
 0.99765671 0.91430074 1.         1.         1.         1.
 1.         1.         0.99599084 1.         1.         1.
 0.99066511 1.         1.         1.         1.         1.
 1.         1.         1.         1.         0.99941589 1.
 1.         0.95385451 1.         0.9958134  0.99640934 0.99516616
 0.99882422 1.         1.         1.         0.99525504 1.
 1.         1.        ]
precision:[1.         1.         0.96006845 1.         1.         0.99940933
 1.         1.         0.99769718 1.         0.99882145 1.
 0.99700419 0.9941928  1.         1.         1.         1.
 1.         1.         1.         0.99380421 1.         1.
 0.9993895  1.         0.96420582 0.9964497  1.         0.99941107
 1.         0.99703791 1.         1.         0.99828473 1.
 1.         1.         1.         0.97710361 1.         1.
 0.9982699  1.         0.95891172 1.         0.9976512  1.
 0.99646435 1.        ]
precision:[0.99363426 1.         1.         0.995755   1.         1.
 1.         1.         1.         0.99640072 0.99038462 1.
 1.         0.99824869 0.99822695 1.         1.         1.
 0.9952858  1.         1.         0.9987988  0.99885123 1.
 1.         0.99882006 1.         1.         0.99824356 1.
 1.         0.99370349 0.99766492 0.99879735 0.99522103 0.99877225
 1.         1.         0.99940405 0.9953189  1.         0.99828962
 0.84446711 1.         0.99826188 1.         1.         1.
 0.99657339 1.        ]
precision:[0.93934335 0.97173145 0.50220264 1.         0.99884527 0.99119201
 0.         1.         0.99821641 0.97539543 0.49429991 0.
 1.         1.         0.99477958 1.         1.         0.5057812
 0.48622754 0.99236193 0.97070885 1.         1.         1.
 1.         0.99942163 0.99821958 0.         0.92545555 0.99942987
 0.9982415  0.68083333 0.         0.99882698 0.5211094  0.97020057
 1.         0.         0.99883314 0.03225806 0.         0.51340996
 1.         0.98409786 0.9958134  0.50403829 0.00349447 0.
 0.99761763 0.99941623]
