precision:[0.         0.         0.10076471 0.         0.         0.
 0.         0.         0.         0.        ]
precision:[0.         0.         0.         0.         0.         0.
 0.09982353 0.         0.         0.        ]
precision:[0.         0.         0.         0.         0.         0.
 0.         0.         0.09994118 0.        ]
precision:[0.    0.    0.    0.    0.    0.    0.    0.    0.102 0.   ]
precision:[0.         0.         0.         0.         0.         0.
 0.         0.10052941 0.         0.        ]
precision:[0.         0.         0.         0.         0.         0.
 0.09964706 0.         0.         0.        ]
precision:[0.         0.         0.         0.         0.10111765 0.
 0.         0.         0.         0.        ]
