precision:[0.         0.         0.         0.         0.         0.
 0.         0.         0.         0.10388235]
precision:[0.         0.         0.         0.         0.         0.10082353
 0.         0.         0.         0.        ]
precision:[0.         0.         0.         0.         0.         0.
 0.09976471 0.         0.         0.        ]
precision:[0.10194118 0.         0.         0.         0.         0.
 0.         0.         0.         0.        ]
precision:[0.         0.         0.         0.         0.         0.
 0.         0.         0.         0.10258824]
precision:[0.         0.         0.         0.         0.         0.
 0.         0.         0.         0.10252941]
precision:[0.         0.         0.         0.         0.10035294 0.
 0.         0.         0.         0.        ]
precision:[0.         0.10047059 0.         0.         0.         0.
 0.         0.         0.         0.        ]
precision:[0.         0.         0.         0.         0.         0.
 0.         0.         0.09894118 0.        ]
precision:[0.10117647 0.         0.         0.         0.         0.
 0.         0.         0.         0.        ]
