precision:[0.         0.         0.         0.         0.         0.10247059
 0.         0.         0.         0.        ]
precision:[0.         0.         0.         0.         0.         0.
 0.         0.         0.09994118 0.        ]
precision:[0.         0.         0.         0.         0.         0.
 0.         0.         0.         0.09829412]
precision:[0.         0.         0.         0.         0.         0.
 0.         0.         0.10176471 0.        ]
precision:[0.10102971 0.         0.         0.         0.         0.
 0.         0.         0.         0.        ]
precision:[0.         0.         0.         0.         0.09964706 0.
 0.         0.         0.         0.        ]
precision:[0.         0.         0.         0.10052941 0.         0.
 0.         0.         0.         0.        ]
precision:[0.         0.         0.         0.         0.         0.
 0.10135294 0.         0.         0.        ]
precision:[0.         0.         0.         0.         0.         0.
 0.         0.         0.09970588 0.        ]
precision:[0.         0.10105882 0.         0.         0.         0.
 0.         0.         0.         0.        ]
