precision:[0.         0.         0.         0.         0.         0.25312686
 0.         0.16511085 0.         0.        ]
precision:[0.         1.         1.         0.97606538 0.24841981 1.
 0.99939976 1.         0.         0.        ]
precision:[0.99941418 0.98231132 1.         1.         0.50291545 1.
 1.         0.99530516 0.99883991 0.22222222]
precision:[1.         0.97228637 1.         1.         0.         1.
 1.         1.         0.99407583 0.50505952]
precision:[0.99581089 1.         1.         1.         1.         0.97625941
 1.         1.         0.99827982 0.9945122 ]
precision:[0.97551253 1.         0.99940863 1.         1.         0.99879952
 1.         0.99882284 0.99519808 0.99940512]
precision:[0.19545984 0.         0.3277027  0.         1.         0.99761337
 0.         0.         0.         1.        ]
precision:[1.         0.         0.15151515 0.98938053 0.49529965 0.3360736
 1.         0.99526907 1.         0.        ]
precision:[0.99881094 0.97109827 1.         0.         1.         1.
 1.         1.         0.49270616 1.        ]
precision:[0.         0.         0.         0.         0.33588836 0.13977502
 0.         0.         0.         0.        ]
