precision:[1.         1.         0.96192053 0.9981774  1.         0.99821747
 1.         0.99715424 1.         0.99821958 0.99882214 1.
 0.9964455  0.99474299 1.         0.9994223  0.98622754 0.99820574
 0.99539436 1.         0.99764706 0.99823113 1.         1.
 1.         1.         0.90638298 1.         1.         1.
 1.         1.         1.         0.99940653 1.         0.96917605
 0.99941176 1.         1.         0.99698614 1.         1.
 0.99883178 1.         0.99880597 0.99763454 0.99770247 1.
 0.99763033 1.        ]
precision:[1.         1.         1.         0.99882284 1.         0.99706573
 1.         1.         0.9851632  1.         1.         1.
 0.99339339 0.99282726 1.         1.         1.         1.
 1.         1.         0.99883856 1.         1.         1.
 1.         1.         1.         1.         0.99879808 0.99942297
 1.         0.99584076 1.         1.         1.         1.
 1.         0.99484241 1.         0.99941072 1.         1.
 0.85317861 1.         0.99487179 1.         0.9987715  0.997558
 1.         1.        ]
precision:[1.         1.         0.99588719 0.95810056 1.         0.90880667
 0.99941418 1.         0.99577295 0.99878419 0.99766219 1.
 1.         1.         1.         0.         1.         1.
 1.         1.         0.99882767 0.48780488 0.9993965  1.
 1.         1.         1.         1.         1.         1.
 1.         0.99660249 0.99651568 1.         1.         1.
 1.         0.99823633 0.99884125 0.99698977 0.50239234 0.
 1.         0.97075688 0.99881165 1.         0.99348341 1.
 0.99295361 1.        ]
precision:[1.         1.         1.         0.98029279 0.99712478 0.99710816
 0.99883991 1.         0.99885518 0.99883382 0.99763033 0.9640411
 0.99646226 0.9976429  1.         0.99819712 1.         0.99039548
 0.99878197 1.         0.99941657 0.73620458 1.         1.
 1.         1.         1.         1.         0.9994233  1.
 0.99825885 1.         0.99646226 0.86803966 1.         1.
 1.         0.99341317 1.         0.99233038 0.99940547 1.
 1.         0.97210682 0.99752322 0.97641251 1.         1.
 0.99768786 1.        ]
precision:[0.         0.18907988 0.9882145  0.99940156 1.         0.99940441
 0.         0.99597238 1.         0.99703791 0.99458484 0.99881376
 1.         0.99697885 0.9994289  0.99702735 1.         0.52269171
 1.         1.         1.         0.99396864 0.96356275 1.
 1.         0.99414862 0.99940618 1.         1.         0.
 1.         1.         1.         1.         0.48834464 1.
 1.         1.         0.         1.         1.         0.99814929
 0.99881376 0.99766082 1.         1.         1.         1.
 1.         0.        ]
precision:[1.         1.         0.50905374 1.         0.         0.99883721
 1.         1.         0.99765533 0.99589924 1.         1.
 0.99940476 0.99823217 0.         1.         1.         0.96547756
 0.99515738 1.         0.87221935 1.         0.         1.
 0.         1.         1.         1.         1.         0.98734905
 1.         0.99943182 1.         0.         1.         1.
 1.         0.49225268 1.         0.99705536 1.         0.5122455
 1.         1.         0.99767981 0.99940968 1.         0.24619744
 0.9981895  1.        ]
precision:[0.99342105 1.         1.         0.92530658 0.99775407 0.89638682
 1.         1.         1.         0.         0.99566295 1.
 0.         1.         0.         0.78367347 0.99881235 1.
 0.24500961 1.         0.9912178  0.9812756  1.         1.
 1.         0.51449059 1.         0.99883382 0.99881306 0.99884925
 0.9964539  1.         0.99882284 0.99940688 1.         0.99940758
 1.         0.99650757 1.         0.99762611 0.52502361 1.
 1.         1.         1.         1.         0.99939904 0.9958775
 0.         1.        ]
precision:[1.         1.         1.         0.97883295 0.56913622 0.
 0.91029724 1.         0.         0.         0.         1.
 0.99822064 0.99703967 0.         0.         1.         0.99466825
 0.99307958 1.         0.03202329 0.50206246 1.         0.91984733
 1.         0.63968073 0.99845679 1.         1.         1.
 0.         0.9993965  0.         0.46905357 0.99941691 0.
 1.         0.03571429 1.         1.         0.         0.32290213
 0.81121683 1.         0.17094601 1.         0.53199498 0.30811881
 0.         0.81921439]
precision:[0.99885189 1.         0.         1.         0.99709133 1.
 1.         1.         0.94597636 1.         1.         1.
 0.99753239 0.99183197 1.         1.         1.         1.
 0.97103918 1.         1.         1.         0.32767911 1.
 0.         1.         0.99881587 0.99879227 0.96071829 1.
 1.         1.         0.9982217  1.         1.         1.
 1.         0.94665918 1.         1.         1.         1.
 1.         1.         1.         1.         1.         1.
 1.         0.99820574]
