precision:[0.         0.         0.         0.         0.         0.
 0.         0.         0.09564706 0.        ]
precision:[0.         0.         0.         0.         0.         0.09823529
 0.         0.         0.         0.        ]
precision:[0.         0.         0.         0.         0.         0.
 0.         0.09852941 0.         0.        ]
precision:[0.         0.         0.09835294 0.         0.         0.
 0.         0.         0.         0.        ]
precision:[0.         0.         0.         0.         0.         0.
 0.         0.         0.         0.09964706]
precision:[0.         0.         0.         0.         0.09876471 0.
 0.         0.         0.         0.        ]
precision:[0.         0.         0.         0.         0.         0.
 0.09852941 0.         0.         0.        ]
precision:[0.         0.         0.09976471 0.         0.         0.
 0.         0.         0.         0.        ]
precision:[0.         0.         0.         0.         0.09617647 0.
 0.         0.         0.         0.        ]
precision:[0.         0.         0.         0.         0.         0.
 0.         0.         0.         0.09976471]
