precision:[0.         0.         0.         0.24848397 0.         0.
 1.         0.         0.20169168 0.        ]
precision:[0.         0.66666667 1.         0.         0.         0.
 0.1095381  0.         0.         0.        ]
precision:[0.00110791 0.         0.         0.21578221 0.         0.
 0.         0.         0.         0.        ]
precision:[0.         0.         0.         0.         0.11068952 0.
 1.         0.         0.         0.        ]
precision:[0.         0.         0.11354118 0.         0.16666667 0.
 1.         0.         0.         0.        ]
precision:[0.         0.         0.         0.         0.         0.
 0.09891144 0.         0.         0.        ]
