precision:[0.         0.         0.34232486 0.         0.         0.
 0.         0.14079514 0.         0.        ]
precision:[0.         0.16257033 1.         0.         0.3308666  0.
 0.         0.         0.         0.        ]
precision:[0.         0.         0.2        0.         0.00112771 0.
 0.12886675 0.         0.         0.        ]
precision:[0.         0.         0.25145603 0.         0.         0.
 0.         0.         0.         0.16146861]
precision:[0.         0.         0.         0.         0.         0.
 0.         0.         0.         0.09982353]
precision:[0.         0.         0.         0.         0.09988235 0.
 0.         0.         0.         0.        ]
precision:[0.         0.24693699 0.         0.         0.         0.
 0.         0.16324921 0.         0.        ]
precision:[0.         0.         0.24325926 0.16819512 0.         0.
 0.         0.         0.         0.        ]
precision:[0.         0.         0.         0.         0.         0.
 0.         0.         0.09911765 0.        ]
precision:[0.         0.49506674 0.         0.14327955 0.         1.
 0.         0.         0.         0.        ]
