precision:[0.         0.         0.         0.         0.10194118 0.
 0.         0.         0.         0.        ]
precision:[0.         0.         0.09958824 0.         0.         0.
 0.         0.         0.         0.        ]
precision:[0.         0.         0.         0.         0.         0.
 0.         0.09941176 0.         0.        ]
precision:[0.         0.         0.10023529 0.         0.         0.
 0.         0.         0.         0.        ]
precision:[0.09888235 0.         0.         0.         0.         0.
 0.         0.         0.         0.        ]
precision:[0.         0.         0.         0.         0.         0.
 0.         0.         0.         0.09958824]
precision:[0.         0.         0.         0.         0.         0.
 0.         0.10311765 0.         0.        ]
precision:[0.         0.         0.         0.         0.         0.
 0.         0.         0.         0.09970588]
precision:[0.         0.         0.         0.         0.         0.
 0.         0.         0.10235294 0.        ]
precision:[0.         0.         0.         0.         0.         0.
 0.         0.         0.         0.10176471]
