precision:[0.         0.         0.         0.         0.         0.
 0.         0.         0.         0.         0.         0.
 0.         0.         0.         0.         0.         0.
 0.         0.         0.         0.         0.         0.
 0.         0.         0.         0.         0.         0.
 0.         0.         0.         0.         0.         0.
 0.         0.         0.         0.         0.         0.
 0.         0.         0.         0.         0.         0.
 0.01971765 0.        ]
precision:[0.     0.     0.     0.     0.     0.     0.     0.     0.     0.
 0.     0.     0.     0.     0.     0.     0.     0.     0.     0.
 0.     0.     0.     0.     0.     0.     0.     0.     0.     0.
 0.     0.     0.0198 0.     0.     0.     0.     0.     0.     0.
 0.     0.     0.     0.     0.     0.     0.     0.     0.     0.    ]
precision:[0.         0.         0.         0.         0.01982353 0.
 0.         0.         0.         0.         0.         0.
 0.         0.         0.         0.         0.         0.
 0.         0.         0.         0.         0.         0.
 0.         0.         0.         0.         0.         0.
 0.         0.         0.         0.         0.         0.
 0.         0.         0.         0.         0.         0.
 0.         0.         0.         0.         0.         0.
 0.         0.        ]
precision:[0.         0.         0.         0.         0.         0.
 0.         0.         0.         0.         0.         0.
 0.         0.         0.         0.         0.02009412 0.
 0.         0.         0.         0.         0.         0.
 0.         0.         0.         0.         0.         0.
 0.         0.         0.         0.         0.         0.
 0.         0.         0.         0.         0.         0.
 0.         0.         0.         0.         0.         0.
 0.         0.        ]
precision:[0.         0.         0.         0.         0.         0.
 0.         0.         0.02047059 0.         0.         0.
 0.         0.         0.         0.         0.         0.
 0.         0.         0.         0.         0.         0.
 0.         0.         0.         0.         0.         0.
 0.         0.         0.         0.         0.         0.
 0.         0.         0.         0.         0.         0.
 0.         0.         0.         0.         0.         0.
 0.         0.        ]
precision:[0.         0.         0.         0.         0.         0.
 0.         0.         0.         0.         0.         0.
 0.         0.         0.         0.         0.         0.
 0.         0.         0.         0.         0.         0.
 0.         0.         0.         0.         0.         0.
 0.         0.         0.         0.         0.         0.
 0.         0.         0.         0.         0.         0.
 0.         0.02030588 0.         0.         0.         0.
 0.         0.        ]
precision:[0.     0.     0.     0.     0.     0.     0.     0.     0.     0.
 0.     0.     0.     0.     0.     0.     0.     0.     0.     0.
 0.     0.     0.     0.     0.     0.     0.     0.     0.     0.
 0.     0.     0.     0.     0.     0.     0.     0.     0.     0.
 0.     0.0196 0.     0.     0.     0.     0.     0.     0.     0.    ]
precision:[0.         0.         0.         0.         0.         0.
 0.         0.         0.         0.         0.         0.02056471
 0.         0.         0.         0.         0.         0.
 0.         0.         0.         0.         0.         0.
 0.         0.         0.         0.         0.         0.
 0.         0.         0.         0.         0.         0.
 0.         0.         0.         0.         0.         0.
 0.         0.         0.         0.         0.         0.
 0.         0.        ]
precision:[0.         0.         0.         0.         0.         0.
 0.         0.         0.         0.         0.         0.
 0.         0.         0.         0.         0.         0.
 0.         0.         0.         0.         0.         0.
 0.         0.         0.         0.         0.         0.
 0.         0.         0.         0.         0.         0.
 0.         0.         0.         0.         0.01952941 0.
 0.         0.         0.         0.         0.         0.
 0.         0.        ]
precision:[0.         0.         0.         0.         0.         0.
 0.         0.         0.         0.         0.         0.
 0.         0.         0.         0.         0.         0.
 0.         0.         0.         0.         0.         0.
 0.         0.         0.         0.         0.         0.
 0.         0.         0.         0.         0.         0.
 0.         0.         0.         0.         0.         0.02010588
 0.         0.         0.         0.         0.         0.
 0.         0.        ]
