precision:[1.         1.         1.         1.         0.98721673 0.99940758
 1.         1.         0.99768519 1.         1.         1.
 0.99764429 0.93112653 0.99848714 1.         1.         1.
 0.91490515 1.         1.         1.         1.         1.
 0.99942661 1.         0.99356725 1.         0.99878714 1.
 0.99764151 0.997064   0.99883721 1.         0.99940441 0.86075949
 1.         1.         1.         0.49499706 1.         0.51592357
 0.99764844 1.         0.9970344  1.         0.         0.8294612
 1.         1.        ]
precision:[0.9984326  1.         1.         0.99940191 0.         0.99878641
 1.         1.         0.252131   1.         1.         0.99941176
 0.99651568 0.         0.85947879 1.         1.         0.99941486
 0.98797939 0.99942429 0.49358601 1.         1.         0.50564804
 1.         1.         0.7913242  0.99940084 1.         0.99942661
 1.         0.99757869 1.         1.         1.         1.
 1.         0.         1.         0.99940793 1.         1.
 0.99698614 0.45454545 0.         0.99940476 0.99311137 1.
 0.99653979 0.99883518]
precision:[0.99941418 0.99587264 1.         0.49883382 0.97121474 0.99708114
 1.         0.95821242 0.99487763 0.         0.50484297 0.02597403
 0.34060964 0.98830409 0.         0.         1.         1.
 0.         1.         0.99161174 1.         1.         1.
 1.         1.         1.         1.         0.99293702 1.
 1.         0.         0.99883246 1.         1.         0.25683453
 1.         0.96568899 1.         0.         0.50364325 1.
 0.         1.         0.9883934  0.99292035 0.32947182 0.99203187
 1.         0.93780422]
precision:[1.         1.         0.88463502 0.9993895  0.33201189 0.99198626
 1.         0.99699158 0.         1.         0.95938788 0.99880383
 1.         0.99939614 1.         0.4962406  0.99941486 0.98301246
 1.         0.7718894  0.99587264 1.         0.99940933 1.
 0.9969988  0.47479308 1.         1.         1.         0.99941246
 0.50464893 1.         0.99760622 0.99941072 1.         1.
 0.9976985  0.32519531 0.99941691 0.9982415  0.99939868 1.
 0.99942396 0.99878197 1.         0.76369231 0.99647266 0.43344244
 0.99702911 1.        ]
