precision:[0.         0.         0.         0.         0.         0.
 0.         0.         0.         0.10117647]
precision:[0.         0.         0.         0.         0.         0.
 0.19492625 0.         0.19967152 0.        ]
precision:[0.         0.         0.         0.09705882 0.         0.
 0.         0.         0.         0.        ]
precision:[0.24161271 0.         0.49838283 0.         0.25224166 0.
 0.         0.         0.         0.        ]
precision:[0.         0.         0.         0.         0.         0.
 0.09717647 0.         0.         0.        ]
precision:[0.         0.         0.         0.         0.         0.
 0.         0.         0.         0.11057283]
