precision:[0.         0.49955397 0.         0.22344035 0.         0.
 0.99702911 0.2456423  0.         0.15010571 0.         1.
 0.         0.         0.         0.         0.         0.9850389
 0.84007996 0.99883788 0.         0.         0.95823799 0.
 0.         0.         0.         0.98998232 1.         0.
 0.57900034 0.20745663 0.         0.         0.99879663 1.
 1.         0.         0.99240654 0.         0.         0.01316508
 0.01538462 0.         0.         0.99939099 0.         0.
 0.         0.99407583]
precision:[0.00000000e+00 0.00000000e+00 0.00000000e+00 1.00000000e+00
 6.63834307e-04 0.00000000e+00 2.79916025e-04 4.93291732e-01
 6.66010240e-01 0.00000000e+00 7.25601751e-01 2.88241240e-01
 0.00000000e+00 0.00000000e+00 0.00000000e+00 0.00000000e+00
 0.00000000e+00 0.00000000e+00 0.00000000e+00 2.59774378e-01
 1.00000000e+00 0.00000000e+00 0.00000000e+00 0.00000000e+00
 0.00000000e+00 0.00000000e+00 1.00000000e+00 7.91922392e-04
 1.00000000e+00 5.04851425e-01 0.00000000e+00 0.00000000e+00
 0.00000000e+00 0.00000000e+00 4.75315414e-01 0.00000000e+00
 0.00000000e+00 0.00000000e+00 4.66892082e-01 0.00000000e+00
 0.00000000e+00 5.76353093e-01 8.29827916e-01 3.99680256e-04
 0.00000000e+00 2.14677029e-01 0.00000000e+00 0.00000000e+00
 0.00000000e+00 0.00000000e+00]
precision:[0.         0.         0.         1.         0.         0.
 1.         1.         0.         0.         0.         1.
 0.         0.         0.         0.         0.         0.99885845
 0.         0.9994037  0.         0.         0.         0.
 0.         0.         0.         0.         0.         0.99704317
 0.         0.         0.         0.         1.         0.
 1.         0.         0.82534074 0.         0.         0.
 0.         0.         0.         0.02622254 0.         0.
 0.         0.        ]
precision:[0.         0.         0.         0.52567164 0.         0.
 0.92902542 0.         0.         0.         0.         1.
 0.         0.         1.         0.         0.         1.
 0.         1.         0.         0.         0.         0.
 0.         0.         0.         1.         1.         0.
 0.         0.         0.         0.         1.         0.
 1.         0.         1.         0.         0.         0.
 0.03488372 1.         0.         1.         0.         0.4922763
 0.         0.01002877]
