precision:[0.96850394 1.         1.         0.53782843 1.         0.5
 1.         1.         0.         0.97438816]
precision:[1.         0.99825378 0.98413631 1.         1.         0.99652375
 0.99941246 0.99824459 1.         0.9888301 ]
precision:[0.99881797 0.99881867 1.         0.98089172 0.99939467 1.
 0.98111171 1.         1.         1.        ]
precision:[0.98897272 1.         1.         1.         0.         0.49747849
 1.         0.97968397 0.49299883 0.        ]
precision:[1.         1.         0.99700419 1.         0.99880739 0.998228
 1.         0.98240469 0.99586777 0.99248989]
precision:[1.         1.         1.         1.         0.96712018 0.33873549
 1.         1.         0.         0.        ]
