precision:[1.         1.         0.91387025 0.96878681 0.         0.
 1.         1.         0.         0.24653941]
precision:[0.99642218 1.         0.99828962 0.99940618 0.995755   0.99535154
 1.         1.         0.9796034  1.        ]
precision:[1.         0.98168288 1.         1.         0.         0.98297389
 0.99586288 0.99826087 0.49179839 1.        ]
precision:[1.         0.97036607 1.         1.         0.         1.
 1.         1.         1.         0.50059666]
precision:[0.99127907 0.99587507 0.99941107 1.         0.9796748  0.9975976
 1.         1.         1.         1.        ]
precision:[0.99589443 0.9869095  1.         0.99941827 0.99531067 0.98992891
 1.         0.99940227 0.99941418 0.99584323]
precision:[1.         0.98244587 1.         1.         0.33824107 0.
 0.99825378 1.         0.05263158 0.99883991]
