precision:[0.         0.         0.         0.2473262  0.         0.24117391
 0.         0.50694239 0.         0.        ]
precision:[0.         0.         0.         0.         0.         0.
 0.         0.         0.10205882 0.        ]
precision:[0.10223529 0.         0.         0.         0.         0.
 0.         0.         0.         0.        ]
precision:[0.         0.         0.         0.10094118 0.         0.
 0.         0.         0.         0.        ]
precision:[0.         0.         0.         0.         0.         0.16941176
 0.         0.23955882 0.         0.        ]
precision:[0.         0.         0.         0.         0.         0.
 0.         0.         0.10441176 0.        ]
precision:[0.32337737 0.         0.         0.         0.         0.
 0.         0.13798081 0.         0.        ]
precision:[0.         0.         0.         1.         0.50823045 0.
 0.24687872 0.         0.3317224  0.        ]
precision:[0.         0.         0.33198789 0.         0.06896552 0.
 0.         0.20229589 0.         0.50718804]
precision:[0.         0.32451116 0.         0.14266566 0.         0.
 0.         0.         0.         0.        ]
