precision:[0.         0.         0.         0.         0.         0.
 0.         0.         0.         0.         0.         0.
 0.         0.         0.49154519 0.74532812 0.96985816 0.07978107
 0.         0.         0.         0.         0.         0.
 0.04531722 0.         0.         0.         0.         0.
 0.         0.054835   0.         0.97295423 0.28810923 0.24
 0.         0.         0.         0.         0.         0.99320568
 0.         0.41312741 0.         0.         0.         0.33333333
 0.         0.        ]
precision:[9.95212448e-01 1.00000000e+00 1.16279070e-02 1.00000000e+00
 4.94839280e-01 0.00000000e+00 7.39848282e-01 9.80913823e-01
 9.01005823e-01 0.00000000e+00 6.07095637e-02 1.00000000e+00
 0.00000000e+00 0.00000000e+00 2.49037037e-01 1.00000000e+00
 0.00000000e+00 7.53839403e-01 5.90822180e-01 5.01740139e-01
 4.96525767e-01 0.00000000e+00 0.00000000e+00 0.00000000e+00
 0.00000000e+00 0.00000000e+00 1.00000000e+00 7.30430959e-01
 9.88934188e-01 1.00000000e+00 5.03260225e-01 0.00000000e+00
 0.00000000e+00 0.00000000e+00 0.00000000e+00 9.99407934e-01
 1.00000000e+00 1.87500000e-01 1.00000000e+00 0.00000000e+00
 3.28623069e-04 0.00000000e+00 0.00000000e+00 0.00000000e+00
 2.07892796e-01 0.00000000e+00 9.88013699e-01 0.00000000e+00
 0.00000000e+00 9.92920354e-01]
