recall:[0.09207161 0.18021201 0.85867238 0.0080429  0.00808625]
recall:[0.19799499 0.07326007 0.53798768 0.17431193 0.46365915]
recall:[0.27407407 0.05734767 0.18834081 0.3816156  0.10606061]
recall:[0.07788945 0.26071429 0.18599562 0.01408451 0.63544304]
recall:[0.69367089 0.38541667 0.01525054 0.12711864 0.05398458]
recall:[0.08136483 0.06872852 0.16740088 0.18852459 0.56997455]
recall:[0.03605769 0.04       0.14945055 0.48502994 0.1654321 ]
recall:[0.03580563 0.06574394 0.43518519 0.14689266 0.14558473]
recall:[0.03655352 0.18367347 0.00913242 0.04166667 0.71219512]
recall:[0.11518325 0.04363636 0.31057269 0.58452722 0.00235294]
