recall:[0.61940299 0.06551724 0.37908497 0.02645503 0.00280899]
recall:[0.05637255 0.00364964 0.2183908  0.0259366  0.48218527]
recall:[0.45854922 0.30597015 0.25663717 0.04301075 0.04176904]
recall:[0.17783505 0.02013423 0.53950339 0.28647215 0.36411609]
recall:[0.12437811 0.01060071 0.14932127 0.38700565 0.06435644]
recall:[0.21447028 0.1349481  0.03286385 0.34108527 0.00505051]
recall:[0.18826406 0.01060071 0.01298701 0.73802817 0.0106383 ]
recall:[0.61772152 0.04561404 0.03587444 0.05163043 0.25063939]
recall:[0.03626943 0.45955882 0.00867679 0.06442577 0.5403423 ]
recall:[0.26546392 0.01132075 0.10993658 0.07714286 0.799511  ]
