recall:[0.6540404  0.07604563 0.11037528 0.05555556 0.00759494]
recall:[0.00245098 0.15867159 0.35111111 0.35164835 0.05867347]
recall:[0.15288221 0.09057971 0.28199566 0.33066667 0.1657754 ]
recall:[0.37279597 0.09259259 0.21263158 0.29971989 0.20984456]
recall:[0.15831135 0.20542636 0.19527897 0.3125     0.00241546]
recall:[0.3325     0.3557047  0.         0.05714286 0.23152709]
recall:[0.72836538 0.15884477 0.22666667 0.00900901 0.        ]
recall:[0.64691943 0.         0.04288939 0.25348189 0.02077922]
recall:[0.30806846 0.18490566 0.20993228 0.44382022 0.05339806]
recall:[0.19354839 0.6838488  0.22637363 0.02346041 0.01265823]
