recall:[0.         0.12267658 0.1047619  0.12307692 0.81481481]
recall:[0.09090909 0.0292887  0.72222222 0.         0.66666667]
recall:[1.         0.10441767 0.00302115 0.         0.9047619 ]
recall:[0.4375     0.         0.16374269 0.12698413 0.        ]
recall:[0.02702703 0.12048193 0.19648094 0.         0.125     ]
recall:[0.30555556 0.05426357 0.06707317 0.05084746 0.12      ]
recall:[0.02439024 0.         0.00619195 0.828125   0.3       ]
recall:[0.40625    0.00387597 0.         0.04347826 0.08695652]
recall:[0.         0.11811024 0.00609756 0.828125   0.        ]
recall:[0.         0.         0.         0.65151515 0.        ]
