recall:[1.         0.39615385 0.99386503 0.84375    0.9       ]
recall:[1.         0.27906977 0.91717791 0.         1.        ]
recall:[0.96774194 0.21400778 0.99047619 0.97183099 0.28125   ]
recall:[0.94117647 0.36923077 0.99059561 0.87323944 0.86363636]
recall:[1.         0.65283019 0.96615385 0.         1.        ]
recall:[0.76470588 0.61886792 0.95873016 0.95522388 0.        ]
recall:[1.         0.57874016 0.86809816 0.97014925 0.        ]
recall:[1.         0.57201646 0.95341615 0.94366197 0.93548387]
recall:[1.         0.61417323 0.97005988 1.         0.45      ]
recall:[0.96875    0.664      0.95548961 0.921875   0.43478261]
