recall:[0.58776596 0.21678322 0.29525862 0.13407821 0.01246883]
recall:[0.33164557 0.05960265 0.13863636 0.52341598 0.00519481]
recall:[0.         0.3028169  0.63834423 0.15882353 0.03473945]
recall:[0.00253165 0.04878049 0.65938865 0.26628895 0.01530612]
recall:[0.18137255 0.07665505 0.22098214 0.36151603 0.0952381 ]
recall:[0.00497512 0.55363322 0.04697987 0.1761194  0.01456311]
recall:[0.5399449  0.36428571 0.         0.02259887 0.13414634]
recall:[0.07070707 0.12635379 0.13375796 0.67887324 0.01554404]
recall:[0.03740648 0.35496183 0.00665188 0.175      0.20924574]
recall:[0.10117647 0.         0.07048458 0.52941176 0.19379845]
