recall:[0.09375    0.05944056 0.33783784 0.5718232  0.01222494]
recall:[0.04210526 0.79496403 0.         0.01388889 0.05432099]
recall:[0.29280397 0.13108614 0.60944206 0.02133333 0.01336898]
recall:[0.02110818 0.08791209 0.08067941 0.10655738 0.2020202 ]
recall:[0.00492611 0.76655052 0.0935412  0.33432836 0.02941176]
recall:[0.40149626 0.0034965  0.69848156 0.05080214 0.00275482]
recall:[0.03482587 0.43103448 0.01330377 0.40502793 0.06770833]
recall:[0.01033592 0.02491103 0.09871245 0.29577465 0.57323232]
recall:[0.095      0.1010101  0.35476718 0.01744186 0.07379135]
recall:[0.32169576 0.         0.18947368 0.3030303  0.07795699]
