recall:[0.66256158 0.03249097 0.00913242 0.31318681 0.0025    ]
recall:[0.66576087 0.16610169 0.13034188 0.07323944 0.01503759]
recall:[0.32984293 0.05533597 0.01028807 0.79787234 0.00257732]
recall:[0.23076923 0.38432836 0.09421842 0.08864266 0.1373057 ]
recall:[0.09042553 0.1122807  0.01282051 0.10220994 0.55329949]
recall:[0.5        0.08273381 0.35775862 0.14088398 0.14882507]
recall:[0.00719424 0.00754717 0.92241379 0.05128205 0.06443299]
recall:[0.02955665 0.7921147  0.1409396  0.29810298 0.        ]
recall:[0.06557377 0.11313869 0.71958763 0.05494505 0.07070707]
recall:[0.7109375  0.07169811 0.12552301 0.21875    0.00985222]
