recall:[0.29411765 0.34020619 0.01010101 0.1880597  0.00512821]
recall:[0.19430052 0.15438596 0.02197802 0.5        0.1221374 ]
recall:[0.04050633 0.05750799 0.22595078 0.09776536 0.74731183]
recall:[0.59947644 0.27181208 0.13417191 0.06784661 0.16195373]
recall:[0.02444988 0.07553957 0.00211416 0.04268293 0.87153652]
recall:[0.10632911 0.09019608 0.24463519 0.31506849 0.14851485]
recall:[0.0128866  0.01901141 0.0293501  0.02777778 0.92947103]
recall:[0.01179245 0.04868914 0.28837209 0.20670391 0.06896552]
recall:[0.09313725 0.03731343 0.49107143 0.28846154 0.08060453]
recall:[0.32233503 0.04198473 0.07675906 0.49866667 0.23896104]
