recall:[0.         0.02166065 0.99592668 0.         0.        ]
recall:[0. 0. 1. 0. 0.]
recall:[0.99742268 0.         0.         0.         0.        ]
recall:[0. 0. 1. 0. 0.]
recall:[0.         0.         0.         0.9273743  0.45063291]
recall:[0.         0.         0.         0.00286533 1.        ]
recall:[1. 0. 0. 0. 0.]
recall:[0.         0.00341297 0.96956522 0.         0.43386243]
recall:[0.00244499 0.01779359 0.86870897 0.         0.80729167]
recall:[0.         0.00377358 0.         0.99739583 0.        ]
