recall:[0.22332506 0.21505376 0.00209644 0.11730205 0.4025974 ]
recall:[0.0078534  0.21481481 0.00221239 0.74193548 0.4205379 ]
recall:[0.36814621 0.02661597 0.35425101 0.36023055 0.06281407]
recall:[0.12590799 0.00666667 0.45806452 0.31623932 0.05617978]
recall:[0.09793814 0.22916667 0.24726477 0.31460674 0.14141414]
recall:[0.08905852 0.01320132 0.3536036  0.13714286 0.33417722]
recall:[0.0265252  0.03846154 0.02222222 0.21130952 0.59335038]
recall:[0.005      0.00701754 0.33974359 0.0212766  0.46910112]
recall:[0.57106599 0.05904059 0.33182844 0.02162162 0.00982801]
recall:[0.16331658 0.45172414 0.01814059 0.11666667 0.03030303]
