recall:[0.96551724 0.04048583 0.996997   0.23529412 1.        ]
recall:[0.94594595 0.00823045 1.         0.01449275 1.        ]
recall:[0.94285714 0.02371542 0.99688474 0.88157895 1.        ]
recall:[0.46341463 0.00769231 0.99671053 0.85897436 0.95652174]
recall:[0.97297297 0.01107011 1.         0.         1.        ]
recall:[1.        0.0077821 1.        0.        1.       ]
recall:[1.         0.02255639 1.         0.01449275 1.        ]
recall:[1.         0.02909091 1.         0.828125   1.        ]
recall:[1.         0.044      0.99423631 0.9245283  1.        ]
recall:[0.96551724 0.03007519 0.99076923 0.86153846 1.        ]
