recall:[0.0920398  0.01459854 0.39958159 0.02259887 0.24668435]
recall:[0.34025974 0.21527778 0.24406048 0.545961   0.01025641]
recall:[0.0234192  0.36842105 0.0467706  0.21910112 0.65891473]
recall:[0.01538462 0.00381679 0.0021978  0.5260274  0.72397094]
recall:[0.41826923 0.07575758 0.14224138 0.00539084 0.68918919]
recall:[0.16377171 0.27561837 0.0154185  0.01759531 0.31188119]
recall:[0.26540284 0.00754717 0.0326087  0.53333333 0.13756614]
recall:[0.42650602 0.03345725 0.21369295 0.24198251 0.34840426]
recall:[0.01608579 0.00355872 0.030837   0.02209945 0.96385542]
recall:[0.04066986 0.03508772 0.30715935 0.21597633 0.37956204]
