recall:[0.35427136 0.12371134 0.14533623 0.00859599 0.10362694]
recall:[0.39805825 0.09818182 0.32415254 0.06976744 0.2513089 ]
recall:[0.03883495 0.05283019 0.11889597 0.29608939 0.14775726]
recall:[0.82951654 0.03636364 0.00845666 0.26404494 0.0128866 ]
recall:[0.         0.80073801 0.         0.00531915 0.22894737]
recall:[0.2591623  0.41281139 0.00913242 0.01086957 0.03125   ]
recall:[0.44949495 0.18983051 0.27489177 0.14772727 0.09210526]
recall:[0.65577889 0.01423488 0.01037344 0.25072046 0.19363395]
recall:[0.11597938 0.18855219 0.36343115 0.03532609 0.01028278]
recall:[0.13624679 0.08156028 0.22489083 0.61049724 0.04822335]
