recall:[0.02168675 0.0035461  0.97742664 0.00560224 0.        ]
recall:[0.02421308 0.34317343 0.01111111 0.4801061  0.19786096]
recall:[0.45386534 0.22605364 0.         0.075      0.10669975]
recall:[0.08395062 0.08965517 0.46466809 0.10136986 0.20111732]
recall:[0.22849462 0.04895105 0.31330472 0.05769231 0.55163728]
recall:[0.40050378 0.16728625 0.32334047 0.26954178 0.00262467]
recall:[0.41353383 0.19708029 0.11963883 0.00265957 0.        ]
recall:[0.02879581 0.01041667 0.77702703 0.088      0.01010101]
recall:[0.00757576 0.29276316 0.83010753 0.1971831  0.00821918]
recall:[0.09068627 0.35740072 0.25223214 0.24166667 0.0127551 ]
