recall:[0.79285714 0.00364964 0.00456621 0.08943089 0.15625   ]
recall:[0.5        0.03521127 0.09684685 0.01933702 0.1530343 ]
recall:[0.         0.38790036 0.04925054 0.0494186  0.34358974]
recall:[0.26139089 0.         0.00675676 0.08130081 0.67195767]
recall:[0.46715328 0.04247104 0.15938865 0.11830986 0.00995025]
recall:[0.08157895 0.06642066 0.27510917 0.28311688 0.18925831]
recall:[0.06683168 0.02033898 0.01731602 0.12011173 0.6010929 ]
recall:[0.05655527 0.04477612 0.01762115 0.85123967 0.02189781]
recall:[0.11352657 0.06451613 0.22737819 0.68051948 0.07180851]
recall:[0.02512563 0.46689895 0.33409091 0.2248062  0.06434316]
