recall:[1.         0.79069767 0.93920973 0.89285714 1.        ]
recall:[1.         0.58426966 0.96190476 0.90909091 1.        ]
recall:[1.         0.49027237 0.95819936 0.87671233 0.96666667]
recall:[1.         0.74166667 0.96107784 0.9        1.        ]
recall:[0.94285714 0.78210117 0.9752322  0.82352941 1.        ]
recall:[1.         0.60754717 0.98148148 0.95522388 1.        ]
recall:[1.         0.64615385 0.96732026 0.89189189 1.        ]
recall:[1.         0.808      0.94578313 0.90769231 1.        ]
recall:[1.         0.64315353 0.98802395 0.89473684 1.        ]
recall:[1.         0.76806084 0.95522388 0.88333333 1.        ]
