recall:[0.01259446 0.10902256 0.26638478 0.45879121 0.53246753]
recall:[0.00519481 0.05821918 0.54094828 0.45352113 0.0437018 ]
recall:[0.37984496 0.15957447 0.00436681 0.45303867 0.09848485]
recall:[0.10126582 0.05755396 0.07061503 0.15776081 0.38421053]
recall:[0.18586387 0.00630915 0.49048626 0.15662651 0.22047244]
recall:[0.2715736  0.0035461  0.43886463 0.45753425 0.0492228 ]
recall:[0.01086957 0.88562092 0.10714286 0.12011173 0.05925926]
recall:[0.4798995  0.53090909 0.01301518 0.02702703 0.11548556]
recall:[0.26506024 0.025      0.15811966 0.13636364 0.01621622]
recall:[0.04724409 0.03754266 0.2983683  0.24802111 0.01736973]
