recall:[0.         0.20542636 0.         0.80952381 0.        ]
recall:[0.         0.99159664 0.         0.         0.04      ]
recall:[0.         0.00754717 0.         0.         0.18181818]
recall:[0.62162162 0.         0.0030303  0.         0.        ]
recall:[0.97222222 0.92910448 0.         0.         0.7826087 ]
recall:[0.   0.   0.   0.88 1.  ]
recall:[0.68181818 0.         0.00308642 0.14705882 0.        ]
recall:[0.88571429 0.32377049 0.         0.         0.35      ]
recall:[0.20588235 0.         0.         0.43478261 0.        ]
recall:[0.         0.07251908 0.97402597 0.01265823 0.        ]
