recall:[0.06413302 0.748      0.         0.0052356  0.        ]
recall:[0.96042216 0.         0.01495726 0.         0.        ]
recall:[0.         0.         0.         0.99728261 0.00276243]
recall:[0.08009709 0.         0.22616408 0.         0.79112272]
recall:[0. 0. 0. 1. 0.]
recall:[0.     0.     0.     0.     0.9975]
recall:[0.58780488 0.00369004 0.68842105 0.         0.00277008]
recall:[0.00246305 0.         0.99369748 0.00852273 0.        ]
recall:[0.         0.06115108 0.         0.         0.99004975]
recall:[0.98803828 0.         0.         0.00564972 0.        ]
