recall:[0.44186047 0.17647059 0.05907173 0.1849711  0.02419355]
recall:[0.4516129  0.50176678 0.05099778 0.01709402 0.02518892]
recall:[0.95717884 0.         0.00421941 0.00287356 0.02716049]
recall:[0.03282828 0.32191781 0.00214592 0.17681159 0.38860104]
recall:[0.08767773 0.61672474 0.01098901 0.08605341 0.11197917]
recall:[0.01243781 0.21863799 0.73068433 0.37362637 0.        ]
recall:[0.1031941  0.06451613 0.28165939 0.08235294 0.        ]
recall:[0.21641791 0.00727273 0.0237069  0.47246377 0.10776942]
recall:[0.10045662 0.63218391 0.11738149 0.02754821 0.01578947]
recall:[0.22110553 0.00344828 0.31555556 0.30027548 0.30729167]
