recall:[0.07843137 0.74662162 0.22883295 0.06284153 0.04497354]
recall:[0.25132275 0.04089219 0.68343816 0.03867403 0.04260652]
recall:[0.20565553 0.37113402 0.         0.44345238 0.12820513]
recall:[0.243309   0.04982206 0.02882483 0.18208955 0.08353808]
recall:[0.09974425 0.1754386  0.13785558 0.38       0.08706468]
recall:[0.63771712 0.003367   0.         0.48126801 0.11025641]
recall:[0.00512821 0.49818182 0.12793177 0.26785714 0.01445783]
recall:[0.0519802  0.06589147 0.52564103 0.08108108 0.12727273]
recall:[0.29177057 0.04347826 0.22902494 0.08450704 0.11311054]
recall:[0.21481481 0.03584229 0.12636166 0.57225434 0.07828283]
