recall:[0.09042553 0.34848485 0.03789474 0.27613941 0.19647355]
recall:[0.38442211 0.0192926  0.03424658 0.25581395 0.24873096]
recall:[0.29210526 0.00719424 0.04276986 0.12711864 0.7408377 ]
recall:[0.18644068 0.05283019 0.15317287 0.18128655 0.21813725]
recall:[0.06862745 0.10763889 0.07289294 0.06609195 0.60696517]
recall:[0.18205128 0.13636364 0.0931677  0.01759531 0.57922078]
recall:[0.05276382 0.03272727 0.24776786 0.42465753 0.01002506]
recall:[0.49479167 0.36431227 0.00211416 0.00833333 0.02255639]
recall:[0.07692308 0.         0.00898876 0.73469388 0.35609756]
recall:[0.2697201  0.         0.098434   0.05292479 0.29484029]
