recall:[1.         0.94071146 0.94817073 0.88709677 1.        ]
recall:[1.         0.66269841 0.93432836 0.89855072 1.        ]
recall:[1.         0.68582375 0.93730408 0.88571429 1.        ]
recall:[0.96875    0.82375479 0.87147335 0.8630137  1.        ]
recall:[1.         0.74157303 0.9202454  0.890625   0.2962963 ]
recall:[0.96774194 0.72427984 0.9005848  0.98333333 0.        ]
recall:[0.94285714 0.28225806 0.90153846 0.         1.        ]
recall:[0.96969697 0.51351351 0.97222222 0.84057971 1.        ]
recall:[0.96774194 0.81889764 0.89057751 0.91428571 0.59090909]
recall:[0.97142857 0.75303644 0.96319018 0.82666667 1.        ]
