recall:[0.05684755 0.04240283 0.14592275 0.025      0.65552699]
recall:[0.04221636 0.2014652  0.31481481 0.07486631 0.10991957]
recall:[0.02729529 0.17021277 0.30573248 0.42816092 0.07874016]
recall:[0.13571429 0.10121457 0.49176471 0.03611111 0.19861432]
recall:[0.03299492 0.01060071 0.30897704 0.39701493 0.10659898]
recall:[0.04466501 0.07216495 0.01077586 0.84302326 0.16449086]
recall:[0.00251889 0.27241379 0.10491071 0.21613833 0.47394541]
recall:[0.         0.63970588 0.         0.13114754 0.09947644]
recall:[0.00767263 0.18794326 0.14502165 0.04864865 0.60789474]
recall:[0.27941176 0.30232558 0.12421053 0.15168539 0.1185567 ]
