recall:[1.         0.67985612 0.97385621 0.86440678 1.        ]
recall:[1.         0.52941176 0.96656535 0.90909091 1.        ]
recall:[1.         0.2556391  0.990625   0.16666667 1.        ]
recall:[1.         0.03088803 0.99053628 0.79411765 1.        ]
recall:[0.875      0.3463035  0.99363057 0.         1.        ]
recall:[0.96774194 0.08433735 1.         0.         1.        ]
recall:[1.         0.61417323 0.84210526 1.         0.        ]
recall:[1.         0.26459144 0.99354839 0.94366197 1.        ]
recall:[1.         0.70454545 0.91411043 0.96296296 0.        ]
recall:[0.93103448 0.85770751 0.84131737 0.91428571 1.        ]
