recall:[0.0546875  0.14946619 0.0043573  0.06666667 0.76923077]
recall:[0.10613208 0.02826855 0.53944563 0.0286533  0.31666667]
recall:[0.03381643 0.27651515 0.22869955 0.4933687  0.        ]
recall:[0.01550388 0.55555556 0.1277533  0.21270718 0.0177665 ]
recall:[0.01265823 0.43309859 0.08986175 0.64480874 0.        ]
recall:[0.26448363 0.18243243 0.01072961 0.02472527 0.5801105 ]
recall:[0.260181   0.55416667 0.23555556 0.08991826 0.16321244]
recall:[0.1525     0.06825939 0.06638116 0.07449857 0.38829787]
recall:[0.04187192 0.49174917 0.16043956 0.33524355 0.02956989]
recall:[0.30075188 0.87588652 0.         0.01574803 0.00777202]
