recall:[0.         0.         0.         0.         0.         0.
 0.         0.         0.         0.         0.         0.
 0.         0.         0.98654184 0.99362688 0.99214027 0.99825885
 0.         0.         0.         0.         0.         0.
 0.00877193 0.         0.         0.         0.         0.
 0.         0.99404762 0.         0.84416366 0.97031432 0.99517491
 0.         0.         0.         0.         0.         0.9950495
 0.         0.9941928  0.         0.         0.         0.98338109
 0.         0.        ]
recall:[9.95808383e-01 9.94912380e-01 5.86166471e-04 9.95803357e-01
 9.93487271e-01 0.00000000e+00 9.97593261e-01 9.96474736e-01
 9.98240469e-01 0.00000000e+00 3.34344660e-01 9.96389892e-01
 0.00000000e+00 0.00000000e+00 9.92911991e-01 9.93043478e-01
 0.00000000e+00 9.97677120e-01 9.25704014e-01 9.99422299e-01
 9.96513655e-01 0.00000000e+00 0.00000000e+00 0.00000000e+00
 0.00000000e+00 0.00000000e+00 9.97002398e-01 9.96998800e-01
 9.97064005e-01 9.96466431e-01 9.92982456e-01 0.00000000e+00
 0.00000000e+00 0.00000000e+00 0.00000000e+00 9.92941176e-01
 9.98787144e-01 1.74317257e-03 9.88623436e-01 0.00000000e+00
 2.36406619e-03 0.00000000e+00 0.00000000e+00 0.00000000e+00
 9.96464349e-01 0.00000000e+00 9.94827586e-01 0.00000000e+00
 0.00000000e+00 9.95857988e-01]
recall:[0.99350266 0.99761337 0.99453552 0.99345238 0.99590404 0.99463007
 0.99825073 0.99941211 0.99703967 0.         0.99354081 0.99422633
 0.9957755  0.99589924 0.99644128 0.         0.99420626 0.99578567
 0.         0.99367453 0.99880597 0.         0.99208283 0.99167658
 0.99360093 0.99399038 0.99589683 0.         0.99576528 0.99703791
 0.992758   0.996456   0.99768519 0.9965035  0.99712147 0.99304348
 0.99765533 0.99543379 0.99941142 0.99536769 0.99362688 0.99478261
 0.99537572 0.99175986 0.99527466 0.99648712 0.         0.99538905
 0.99580587 0.99415546]
