recall:[0. 0. 1. 0. 0. 0. 0. 0. 0. 0.]
recall:[0. 0. 0. 0. 0. 0. 0. 0. 1. 0.]
recall:[0. 0. 0. 0. 0. 1. 0. 0. 0. 0.]
recall:[0. 0. 0. 0. 0. 0. 0. 0. 1. 0.]
recall:[0.00000000e+00 9.98199280e-01 0.00000000e+00 0.00000000e+00
 0.00000000e+00 0.00000000e+00 0.00000000e+00 0.00000000e+00
 6.02409639e-04 0.00000000e+00]
recall:[0. 1. 0. 0. 0. 0. 0. 0. 0. 0.]
recall:[0. 0. 1. 0. 0. 0. 0. 0. 0. 0.]
recall:[0. 0. 0. 0. 0. 0. 0. 0. 0. 1.]
recall:[0. 0. 0. 0. 0. 0. 0. 1. 0. 0.]
recall:[0. 0. 0. 1. 0. 0. 0. 0. 0. 0.]
