recall:[0.99764429 0.99644339 0.99546999 0.99701671 0.         0.99708455
 0.99695308 1.         0.         0.99690211]
recall:[0.99586288 0.99646226 0.99478563 0.99647059 0.         0.00465387
 0.99763733 0.99939686 0.98894706 0.        ]
recall:[0.99639856 0.99652778 0.99524376 0.99634592 0.9957291  0.99364529
 1.         0.99656947 0.         0.99526066]
recall:[0.99528857 0.99656751 0.99884326 0.99578313 0.         0.
 1.         0.99642644 0.         0.99587507]
recall:[0.         0.         0.99470277 0.99450549 0.         0.9988591
 0.99763454 0.99764151 0.         0.0017741 ]
recall:[0.99473068 0.99764429 0.99224806 0.99530516 0.99525785 0.99463967
 0.99765945 0.99709133 0.99593023 0.99587993]
