recall:[0.         0.         0.99406176 0.         0.         0.
 0.         0.         0.         0.         0.         0.
 0.         0.         0.         0.         0.         0.
 0.         0.         0.         0.         0.         0.
 0.         0.         0.         0.         0.         0.
 0.         0.         0.         0.         0.         0.
 0.         0.         0.         1.         0.99343284 0.
 0.         0.         0.         0.         0.         0.
 0.         0.        ]
recall:[0.         0.         0.         0.         0.         0.
 0.         1.         0.         0.         0.         0.
 0.99635258 0.         0.         0.         0.         0.
 0.         0.         0.         0.         0.         0.
 0.         0.99507995 0.         0.         0.         0.
 0.         0.         0.         0.         0.         0.
 0.         0.         0.         0.         0.         0.
 0.         0.         0.         0.         0.         0.
 0.         0.        ]
