recall:[0.99583333 0.9963548  0.99271845 0.99766628 0.99661591 0.
 0.99879154 0.9976892  0.99600457 0.         0.99706573 0.99304751
 0.99642005 0.99606521 0.99286988 0.         0.         0.9976247
 0.         0.98373984 0.99582339 0.         0.99297835 0.99479167
 0.99369628 0.         0.99586288 0.99570025 0.97877502 0.99585062
 0.99099099 0.99771167 0.         0.99420961 0.99883246 0.99304348
 0.99764567 0.         0.9933695  0.         0.99391357 0.18502994
 0.         0.99577295 0.99528302 0.99196787 0.99418942 0.99470277
 0.99762752 0.99828375]
recall:[0.00000000e+00 0.00000000e+00 0.00000000e+00 6.07902736e-04
 0.00000000e+00 9.96451804e-01 0.00000000e+00 0.00000000e+00
 9.95449374e-01 9.95335277e-01 0.00000000e+00 0.00000000e+00
 9.97638725e-01 0.00000000e+00 0.00000000e+00 9.95731707e-01
 9.92224880e-01 9.94779582e-01 0.00000000e+00 9.65014577e-01
 9.94134897e-01 0.00000000e+00 9.92920354e-01 9.97648442e-01
 9.94068802e-01 0.00000000e+00 9.98213222e-01 9.95302408e-01
 0.00000000e+00 0.00000000e+00 0.00000000e+00 9.97094712e-01
 9.98330551e-01 0.00000000e+00 0.00000000e+00 0.00000000e+00
 9.96998800e-01 0.00000000e+00 0.00000000e+00 9.94677705e-01
 0.00000000e+00 0.00000000e+00 9.96474736e-01 9.94655582e-01
 9.96541787e-01 9.73544974e-01 9.97091332e-01 0.00000000e+00
 9.95974698e-01 9.97005988e-01]
recall:[0. 0. 0. 0. 0. 0. 0. 0. 0. 0. 0. 0. 0. 0. 0. 0. 0. 0. 0. 0. 0. 0. 0. 0.
 0. 1. 0. 0. 0. 0. 0. 0. 0. 0. 0. 0. 0. 0. 0. 0. 0. 0. 0. 0. 0. 0. 0. 0.
 0. 0.]
