recall:[0.99459135 0.99708114 0.99418942 0.99701849 0.99706573 0.99586777
 0.99821322 0.99640288 0.99595609 0.99482163 0.99705362 0.99522958
 0.99588477 0.99657143 0.7880597  0.99462044 0.9965338  0.99821747
 0.99763593 0.99708794 0.99824971 0.99408284 0.99338147 0.99352179
 0.99429549 0.99461078 0.99706573 0.992966   0.99818182 0.99767036
 0.99470899 0.99764982 0.99536501 0.99236193 0.99762188 0.04098855
 0.99702204 0.99430199 0.9958184  0.99821958 0.99061033 0.98780488
 0.99530792 0.99586777 0.99644339 0.99704492 0.         0.99348727
 0.99425287 0.99594907]
recall:[0.73387097 0.99528857 0.9958184  0.99523526 0.         0.99818072
 0.99821641 0.99635036 0.99527745 0.9958775  0.99587507 0.99531342
 0.99593732 0.         0.99881235 0.99406528 0.99598854 0.99649942
 0.99481268 0.99770115 0.99823113 0.99518072 0.99360837 0.99068142
 0.99206349 0.99375355 0.99540494 0.99760766 0.99818292 0.99828179
 0.9923843  0.99637243 0.99592787 0.99457831 0.9976825  0.99419617
 0.99825073 0.         0.99651365 0.99469652 0.99175015 0.99237537
 0.99698614 0.00298151 0.         0.99821641 0.9982689  0.99883653
 0.99539171 0.99535694]
recall:[0.99533256 0.99587264 0.99577039 0.99592549 0.99704492 0.99591837
 0.99822275 0.99939467 0.99544419 0.         0.98737084 0.00115009
 0.9954023  0.99470277 0.         0.         0.99412111 0.9970344
 0.         0.99708964 0.99518942 0.99412801 0.99293286 0.99539965
 0.99582339 0.99421296 0.9252111  0.99825073 0.99881587 0.99646851
 0.99411072 0.         0.99824971 0.99584323 0.99638554 0.21728545
 0.99824869 0.99714286 0.99707088 0.         0.99367453 0.99296188
 0.         0.99400839 0.98718731 0.99762893 0.99762188 0.99429549
 0.99394673 0.99597932]
recall:[0.99638554 0.99466509 0.99827189 0.99574209 0.80095637 0.99712313
 0.99705882 0.99759181 0.         0.99648506 0.9969419  0.99404762
 0.99637243 0.99758891 0.00117855 0.07843137 0.99302326 0.99598394
 0.99883923 0.76136364 0.99587264 0.9954181  0.99121265 0.99488346
 0.99045915 0.37671642 0.99766628 0.99460432 0.99765258 0.9988256
 0.91458454 0.99819712 0.99403697 0.99588961 0.99724366 0.99606962
 0.99483649 0.19634434 0.9959326  0.99416229 0.994614   0.99586044
 0.99541021 0.99033816 0.99764706 0.75902141 0.99588719 0.9555021
 0.99407583 0.99707088]
recall:[0.99481567 0.99578313 0.         0.99651568 0.99371788 0.99592787
 0.99708455 0.99823529 0.99529965 0.99703791 0.99704492 0.99715424
 0.99655766 0.99631223 0.         0.         0.99355972 0.99703264
 0.99820574 0.99707602 0.996456   0.99251152 0.99701314 0.99514857
 0.99582339 0.         0.99705362 0.99666481 0.99536501 0.99762752
 0.99524093 0.9964518  0.99714449 0.99486594 0.99641363 0.
 0.99599084 0.99825378 0.99655568 0.         0.         0.99222953
 0.99632353 0.99767036 0.99633923 0.99815385 0.99463007 0.99361208
 0.99691548 0.99539701]
