recall:[0.99412456 0.99535154 0.99486301 0.99575758 0.99528302 0.99644128
 0.99713303 0.99545455 0.9964307  0.99585554 0.99823426 0.99585062
 0.99467771 0.99590643 0.99348341 0.99197248 0.99276673 0.99404407
 0.99596774 0.99828473 0.99647474 0.99412801 0.99531616 0.99528857
 0.99463967 0.99468085 0.99707431 0.99509202 0.99704666 0.99702026
 0.99142857 0.99821853 0.99410725 0.98942421 0.99695864 0.99573691
 0.9976512  0.99598163 0.9953271  0.99458809 0.99220156 0.99654378
 0.9965035  0.98995272 0.99405823 0.99822485 0.99655766 0.99596309
 0.99703967 0.99764151]
recall:[0.99710481 0.99407934 0.9940547  0.99414177 0.99704492 0.99648094
 0.99708285 0.99816514 0.99759615 0.99595609 0.99537305 0.99636364
 0.99578567 0.99580336 0.99418266 0.99185099 0.99349497 0.99763593
 0.99650553 0.9982689  0.99594673 0.99183673 0.9924021  0.99394306
 0.99649942 0.99113475 0.99763314 0.99428571 0.9970006  0.99769585
 0.99267399 0.9940688  0.99701671 0.99170124 0.997669   0.99366724
 0.99647474 0.99712809 0.99598394 0.99588961 0.99359721 0.9930192
 1.         0.99285289 0.99714449 0.99881306 0.99510404 0.99573431
 0.99494949 0.99586777]
recall:[0.99597006 0.9959747  0.99180807 0.99535694 0.99596309 0.99771167
 0.99766082 0.99759181 0.99637462 0.99274924 0.99591599 0.99596076
 0.99643917 0.9964539  0.99419617 0.         0.99233038 0.99635258
 0.99212598 0.99827982 0.99649123 0.99393939 0.99519231 0.99458158
 0.99406176 0.99475524 0.99639856 0.99819168 0.99942096 0.99764982
 0.99412456 0.99660249 0.99709471 0.99523526 0.9982689  0.99141876
 0.99763593 0.99298246 0.99710816 0.99579074 0.9929078  0.
 0.99598624 0.99296188 0.9970344  0.99696786 0.99702735 0.99287411
 0.9958775  0.9970964 ]
recall:[0.99162679 0.99595843 0.98950437 0.99713631 0.9976985  0.99595609
 0.9976825  0.99761905 0.99714286 0.99535154 0.99703967 0.99646018
 0.99646226 0.99646851 0.99010477 0.99580336 0.99286139 0.99376417
 0.99454215 0.99705882 0.9965096  0.97562426 0.99535154 0.99466509
 0.99400839 0.99189346 0.99416229 0.99285714 0.99769718 0.99749844
 0.99594673 0.99588235 0.99705015 0.65102975 0.99825277 0.99221557
 0.9964476  0.99400839 0.99462687 0.99408983 0.99232586 0.99297424
 0.99692497 0.9897281  0.99690594 0.99831744 0.99646226 0.99594907
 0.99423963 0.99461722]
