recall:[0.         0.         0.         0.99820144 0.         1.
 0.         0.99883586 0.         0.        ]
recall:[0. 0. 0. 0. 0. 0. 0. 0. 1. 0.]
recall:[1. 0. 0. 0. 0. 0. 0. 0. 0. 0.]
recall:[0. 0. 0. 1. 0. 0. 0. 0. 0. 0.]
recall:[0.         0.         0.         0.         0.         1.
 0.         0.99694002 0.         0.        ]
recall:[0. 0. 0. 0. 0. 0. 0. 0. 1. 0.]
recall:[0.9952858 0.        0.        0.        0.        0.        0.
 1.        0.        0.       ]
recall:[0.         0.         0.         0.99589202 0.99711649 0.
 0.99879735 0.         0.99883586 0.        ]
recall:[0.         0.         0.99878567 0.         0.00116009 0.
 0.         0.9982659  0.         0.99380282]
recall:[0.         0.99757134 0.         1.         0.         0.
 0.         0.         0.         0.        ]
