recall:[0.         0.         0.         0.         0.         0.
 0.         0.         0.         0.         0.         0.
 0.         0.99636804 0.         0.         0.         0.
 0.         0.         0.         0.         0.         0.
 0.         0.         0.         0.         0.         1.
 0.         0.         0.         0.         0.         0.
 0.         0.         0.         0.         0.         0.
 0.         0.         0.         0.         0.99874922 0.
 0.         0.        ]
recall:[0.         0.         0.         0.         0.99705015 0.
 0.         0.9941928  0.99707773 0.         0.         0.
 0.         0.         0.         0.         0.         0.
 0.99580838 0.         0.99541547 0.         0.         0.
 0.99457831 0.         0.         0.         0.         0.
 0.         0.         0.         0.         0.         0.
 0.         0.         0.99333333 0.         0.         0.
 0.         0.         0.9982669  0.         0.99541021 0.
 0.         0.        ]
recall:[0.00461361 0.         0.         0.99103641 0.99515445 0.99521531
 0.         0.99698977 0.9959326  0.99466509 0.         0.99714937
 0.99703264 0.99698068 0.         0.99470899 0.99468713 0.99939136
 0.99606742 0.99764151 0.99649123 0.99651365 0.         0.9939976
 0.99598163 0.99459459 0.         0.99642431 0.99649123 0.
 0.99363426 0.99463647 0.99585799 0.99160168 0.99696602 0.99141385
 0.99825885 0.         0.         0.         0.99344848 0.99306358
 0.         0.99187935 0.99359348 0.99768519 0.99457505 0.98934911
 0.         0.        ]
recall:[9.95394358e-01 0.00000000e+00 0.00000000e+00 0.00000000e+00
 0.00000000e+00 0.00000000e+00 0.00000000e+00 9.94746060e-01
 0.00000000e+00 0.00000000e+00 0.00000000e+00 0.00000000e+00
 0.00000000e+00 0.00000000e+00 0.00000000e+00 0.00000000e+00
 0.00000000e+00 9.98795181e-01 9.96949359e-01 0.00000000e+00
 5.76036866e-04 0.00000000e+00 0.00000000e+00 0.00000000e+00
 9.93615786e-01 0.00000000e+00 0.00000000e+00 0.00000000e+00
 0.00000000e+00 9.97659450e-01 0.00000000e+00 0.00000000e+00
 0.00000000e+00 0.00000000e+00 9.96400720e-01 0.00000000e+00
 9.95830852e-01 0.00000000e+00 9.98842593e-01 0.00000000e+00
 0.00000000e+00 0.00000000e+00 0.00000000e+00 0.00000000e+00
 0.00000000e+00 9.97077732e-01 0.00000000e+00 0.00000000e+00
 9.98849914e-01 0.00000000e+00]
