recall:[0.        0.        0.9988675 0.        0.        0.        0.
 1.        0.        0.       ]
recall:[0.         0.99757723 0.99827288 0.         0.99882422 0.
 0.         0.         0.         0.        ]
recall:[0.00000000e+00 0.00000000e+00 5.67214974e-04 0.00000000e+00
 2.36826525e-03 0.00000000e+00 9.98847262e-01 0.00000000e+00
 0.00000000e+00 0.00000000e+00]
recall:[0.         0.         1.         0.         0.         0.
 0.         0.         0.         0.99816962]
recall:[0. 0. 0. 0. 0. 0. 0. 0. 0. 1.]
recall:[0. 0. 0. 0. 1. 0. 0. 0. 0. 0.]
recall:[0.         1.         0.         0.         0.         0.
 0.         0.99698977 0.         0.        ]
recall:[0.         0.         0.99696418 1.         0.         0.
 0.         0.         0.         0.        ]
recall:[0. 0. 0. 0. 0. 0. 0. 0. 1. 0.]
recall:[0.         0.99649533 0.         1.         0.         0.99767577
 0.         0.         0.         0.        ]
