recall:[0.99880454 0.99824459 0.99756691 0.         0.99822695 0.99242424
 0.99758016 0.99463007 0.99586777 0.9958209  0.9976247  0.99421296
 0.99521817 0.9982217  0.99879154 0.99526907 0.99279279 0.
 0.9939759  0.99824253 0.99639423 0.99641577 0.9964518  0.99652979
 0.         0.99941657 0.99705536 0.99600228 0.9927096  0.99825073
 0.99291199 0.99527745 0.99509503 0.99600228 0.99417928 0.99767036
 0.99717514 0.9960981  0.99704317 0.9954416  0.9964518  0.99646851
 0.9981895  0.99596076 0.         0.9948037  0.99409681 0.99597932
 0.99300699 0.99942987]
recall:[0.9970964  0.99365263 0.99882835 0.99763872 0.99761051 0.
 0.99654378 0.99349497 0.99126383 0.99337748 0.9976247  0.99464286
 0.99522388 0.99824047 0.99942029 0.         0.99355972 0.
 0.98088065 0.99466509 0.99765945 0.99823113 0.99532983 0.998228
 0.         0.99941315 0.         0.99575758 0.99331307 0.99305556
 0.99480969 0.99881235 0.99344458 0.99362688 0.99644128 0.9959326
 0.         0.         0.99826087 0.         0.99882904 0.
 0.95747126 0.         0.99470588 0.99652979 0.99537305 0.
 0.99471831 0.99393572]
recall:[9.96493279e-01 9.95828367e-01 9.98243560e-01 9.97098085e-01
 2.27166276e-01 9.94152047e-01 0.00000000e+00 9.94652406e-01
 9.96571429e-01 9.01706886e-01 9.96378998e-01 0.00000000e+00
 9.95337995e-01 9.98190591e-01 9.94186047e-01 9.94148625e-01
 9.98167379e-01 9.92588369e-01 9.96378998e-01 9.96969697e-01
 3.46197503e-02 9.91253644e-01 9.98804543e-01 9.97588909e-01
 9.98217469e-01 9.95177818e-01 9.98800240e-01 9.95920746e-01
 9.93393393e-01 9.99412456e-01 9.94607549e-01 9.97119816e-01
 9.95192308e-01 5.62746201e-04 0.00000000e+00 9.96447602e-01
 0.00000000e+00 9.81873112e-01 9.96036240e-01 9.96460177e-01
 9.95862884e-01 9.92932862e-01 9.97664915e-01 9.96363636e-01
 9.94298746e-01 0.00000000e+00 9.93589744e-01 9.93623188e-01
 9.93645292e-01 1.16009281e-03]
recall:[0.99598394 0.         0.9976825  0.99824047 0.9982689  0.99580838
 0.99882214 0.9964455  0.9929287  0.99587021 0.996997   0.99773756
 0.98273736 0.99764982 0.         0.         0.98586572 0.
 0.99650757 0.99468085 0.99711816 0.99579832 0.9924021  0.99763314
 0.26127239 0.99767577 0.99883246 0.99469652 0.99629858 0.99263456
 0.996483   0.99425287 0.9935446  0.99589202 0.99704492 0.99583581
 0.         0.99639206 0.99631676 0.9959747  0.99767981 0.
 0.99824047 0.99763872 0.99455206 0.99248989 0.99941691 0.99296188
 0.99707088 0.99717514]
recall:[9.97621879e-01 0.00000000e+00 9.88045427e-01 9.95346131e-01
 9.63958810e-01 9.90925590e-01 9.88966318e-01 0.00000000e+00
 6.21118012e-04 9.28530259e-01 0.00000000e+00 9.95892019e-01
 9.95441595e-01 9.93460166e-01 9.87595983e-01 9.95798319e-01
 9.97072600e-01 0.00000000e+00 9.99396864e-01 0.00000000e+00
 9.94715208e-01 9.05224787e-01 9.93612079e-01 9.94824612e-01
 9.94626866e-01 9.91865195e-01 9.96501458e-01 9.96478873e-01
 7.59389671e-01 9.98259861e-01 9.94272623e-01 9.94733762e-01
 9.93634259e-01 0.00000000e+00 9.94803695e-01 9.34256055e-01
 9.95294118e-01 6.66074600e-01 7.71104816e-01 1.09896433e-01
 9.95838288e-01 5.00582072e-02 9.97087944e-01 0.00000000e+00
 9.95209581e-01 9.92215569e-01 9.93578517e-01 9.93861265e-01
 4.38175270e-02 8.06884481e-01]
