recall:[0.99535694 0.99762329 0.99452222 1.         0.         0.
 0.99941211 0.9089317  0.         0.99529412]
recall:[0.99761194 0.9988081  0.99319342 0.9964476  0.99394673 0.99708964
 0.99589443 0.99638772 0.9988446  0.99594907]
recall:[0.99353702 0.99825378 0.9964497  0.99246813 0.         0.99827089
 0.99940688 0.99710481 0.99397227 0.99512492]
recall:[0.9965358  1.         0.99404052 0.99822064 0.         0.99650146
 0.99826087 0.99540758 0.99704142 0.9958457 ]
recall:[0.99824356 0.99646226 0.99297835 0.99646226 0.99940758 0.99461078
 0.99712644 0.99699519 0.99535424 0.99589924]
recall:[0.99589443 0.9976985  0.99399038 0.99767712 0.997064   0.99464286
 0.99591599 0.99820896 0.9959136  0.99466192]
recall:[0.99390244 0.99643917 0.99419954 0.9940547  0.99595376 0.
 0.99767307 0.99648506 0.001207   0.99480069]
