recall:[0.996456   0.99587993 0.         0.         0.99226651 0.
 0.99765258 0.99765533 0.99518072 0.99642218 0.99534071 0.99608939
 0.         0.99546999 0.99507086 0.         0.         0.99587507
 0.         0.99705709 0.99517782 0.99459459 0.99474606 0.
 0.99762611 0.99378496 0.99594673 0.99648094 0.99763593 0.99821002
 0.         0.         0.         0.99409333 0.99883856 0.99030234
 0.99642218 0.99597238 0.99513086 0.         0.         0.
 0.         0.         0.         0.99817629 0.99544419 0.99286564
 0.         0.        ]
recall:[0.9964497  0.99642644 0.99300699 0.99567367 0.         0.99708114
 0.99824664 0.9977195  0.99470277 0.99659671 0.99643282 0.99298656
 0.         0.99822695 0.99337748 0.99356725 0.99414177 0.99710145
 0.99421631 0.         0.         0.         0.         0.99424295
 0.         0.99175986 0.99824869 0.99653979 0.99646226 0.99700957
 0.         0.         0.         0.         0.99706573 0.00176678
 0.99574985 0.99580587 0.99824971 0.99581089 0.         0.
 0.         0.         0.99646435 0.         0.         0.
 0.99534071 0.99763733]
recall:[9.97022037e-01 9.96381182e-01 9.95901639e-01 9.94708995e-01
 0.00000000e+00 9.94712103e-01 9.97655334e-01 9.98835856e-01
 9.95825880e-01 9.95316159e-01 9.94809689e-01 9.94696523e-01
 0.00000000e+00 0.00000000e+00 2.42571255e-03 0.00000000e+00
 9.95397008e-01 9.98262884e-01 0.00000000e+00 0.00000000e+00
 9.96434938e-01 0.00000000e+00 0.00000000e+00 9.93514151e-01
 0.00000000e+00 9.91197183e-01 9.95887192e-01 9.95280236e-01
 9.98220641e-01 9.98221695e-01 0.00000000e+00 9.96400720e-01
 0.00000000e+00 5.80383053e-04 9.97607656e-01 0.00000000e+00
 9.98255814e-01 9.94242948e-01 9.98837885e-01 9.95359629e-01
 0.00000000e+00 0.00000000e+00 9.95958430e-01 9.97114830e-01
 0.00000000e+00 9.98223801e-01 9.96476806e-01 0.00000000e+00
 0.00000000e+00 9.94158879e-01]
recall:[9.95848161e-01 9.95939675e-01 0.00000000e+00 9.94915254e-01
 9.94693396e-01 7.54146919e-01 9.98252766e-01 9.92949471e-01
 9.97167139e-01 5.90047393e-01 0.00000000e+00 9.98811646e-01
 3.96449704e-01 9.95958430e-01 0.00000000e+00 6.06428138e-04
 9.93540810e-01 9.95867769e-01 0.00000000e+00 9.97046663e-01
 9.95118975e-01 0.00000000e+00 9.94702766e-01 0.00000000e+00
 0.00000000e+00 0.00000000e+00 9.94727592e-01 9.95923122e-01
 9.98244587e-01 9.98224852e-01 1.18203310e-03 0.00000000e+00
 0.00000000e+00 9.91012582e-01 9.97137951e-01 9.96501458e-01
 9.97653959e-01 4.99401914e-01 9.97162316e-01 1.32551320e-01
 0.00000000e+00 0.00000000e+00 0.00000000e+00 0.00000000e+00
 2.35534775e-01 0.00000000e+00 0.00000000e+00 0.00000000e+00
 0.00000000e+00 0.00000000e+00]
