recall:[0.04228856 0.9965812  0.18574766 0.99711982 0.99213075 0.9220702
 0.99882491 0.99402271 0.99529412 0.91015854 0.93463303 0.9088785
 0.99515445 0.99427262 0.99821747 0.99532164 0.97913043 0.
 0.98626866 0.         0.95422943 0.99582837 0.         0.99777654
 0.99430848 0.99512492 0.99881936 0.         0.         0.99324324
 0.99643705 0.99483352 0.9187788  0.73380448 0.         0.00785498
 0.40396158 0.97927768 0.9924725  0.99702026 0.         0.
 0.84347826 0.99301107 0.         0.         0.99393939 0.07471608
 0.99361208 0.        ]
recall:[0.         0.99350266 0.99774775 0.         0.         0.
 0.65264977 0.         0.         0.90132371 0.         0.
 0.         0.         0.         0.         0.99644128 0.
 0.         0.         0.         0.99418942 0.         0.99396864
 0.         1.         0.         0.         0.         0.99460755
 0.         0.89893617 0.         0.06491959 0.         0.
 0.99415205 0.         0.         0.         0.99476135 0.
 0.99714122 0.         0.         0.9939976  0.99707944 0.
 0.         0.        ]
recall:[9.99428571e-01 9.97703789e-01 9.95780591e-01 9.95235259e-01
 9.98247664e-01 9.89759036e-01 0.00000000e+00 9.93146773e-01
 9.91755006e-01 0.00000000e+00 9.92953611e-01 9.95260664e-01
 9.86568987e-01 8.99883586e-01 9.97020262e-01 0.00000000e+00
 9.98273878e-01 9.96443391e-01 9.97134670e-01 9.95370370e-01
 9.99412111e-01 9.94788651e-01 9.98174072e-01 9.92740472e-01
 9.95855536e-01 0.00000000e+00 9.97635934e-01 9.94072318e-01
 0.00000000e+00 9.95359629e-01 5.81733566e-04 9.98250729e-01
 0.00000000e+00 8.96651270e-01 9.95255042e-01 9.96505533e-01
 9.93563487e-01 9.93757094e-01 9.97549020e-01 9.96519722e-01
 9.96441281e-01 9.93574766e-01 9.98805970e-01 9.96975197e-01
 9.95269072e-01 0.00000000e+00 9.95299647e-01 4.05797101e-03
 9.66942149e-01 9.93448481e-01]
recall:[0.99819495 0.99542072 0.9988466  0.99707088 0.99701849 0.98213222
 0.99821747 0.99635701 0.99120235 0.9921875  0.99815498 0.99450214
 0.99543639 0.99940618 0.99655172 0.99408634 0.99760192 0.99526627
 0.99648506 0.99596774 0.99710983 0.99546485 0.99587507 0.99760192
 0.99494382 0.99643494 0.99763454 0.99646018 0.99297012 0.
 0.99371788 0.9941349  0.99283582 0.90677966 0.99254587 0.99590404
 0.00120265 0.99532437 0.99770642 0.99245064 0.99527745 0.99651365
 0.99759326 0.99711649 0.99458158 0.99648506 0.99532437 0.99452222
 0.9918272  0.99767036]
recall:[0.99636584 0.99522103 0.         0.         0.99772598 0.
 0.99660057 0.         0.99287834 0.0172209  0.02494062 0.99524093
 0.99598163 0.99766355 0.99709977 0.         0.99712147 0.97832455
 0.9930192  0.         0.99646018 0.99217339 0.99534613 0.99647887
 0.         0.99696049 0.99883856 0.         0.99519808 0.99231224
 0.99275362 0.         0.99289941 0.98372093 0.99706055 0.
 0.99592075 0.99531342 0.99077491 0.99396864 0.80272109 0.99583333
 0.9851279  0.         0.         0.99294947 0.         0.
 0.99237984 0.9965378 ]
recall:[0.99647474 0.99825683 0.99825581 0.996483   0.99820252 0.99344067
 0.99818731 0.99152542 0.99217339 0.93390805 0.99648712 0.99881727
 0.99649533 0.9977182  0.99708625 0.9948037  0.99713959 0.
 0.99766492 0.99644128 0.99751553 0.99415888 0.99472759 0.99763173
 0.99528024 0.9970024  0.99883653 0.9965378  0.99476135 0.99718151
 0.9947644  0.99644128 0.9938763  0.97925311 0.99647266 0.99583829
 0.99537839 0.99647266 0.99940618 0.9965035  0.99585308 0.99342499
 0.99766219 0.00304692 0.99636143 0.99426277 0.99474606 0.99193084
 0.99356725 0.99247685]
recall:[0.99702381 0.         0.99765808 0.99534613 0.99883246 0.
 0.99763173 0.99584323 0.99461078 0.90509666 0.99640719 0.
 0.99705882 0.99761621 0.99816962 0.         0.99540494 0.99346017
 0.         0.99584076 0.99536232 0.99347568 0.         0.98395722
 0.00595238 0.99591599 0.99820359 0.         0.99356349 0.99468713
 0.99711982 0.99487472 0.99539701 0.99773114 0.         0.
 0.98747017 0.         0.9976892  0.99468399 0.         0.
 0.997669   0.99877751 0.         0.9935446  0.99422966 0.
 0.         0.        ]
recall:[0.99713795 0.         0.99650553 0.99573171 0.99765258 0.99404052
 0.99770247 0.         0.99363057 0.99764982 0.99526627 0.99520384
 0.99540758 0.99578313 0.99764844 0.99349882 0.99765396 0.99878714
 0.99408983 0.99538373 0.99661781 0.99174528 0.99537305 0.99756691
 0.99641363 0.99819168 0.99824047 0.         0.99300699 0.99470277
 0.9942029  0.99596774 0.99347955 0.99528857 0.99452555 0.99706573
 0.99761763 0.9957958  0.99760048 0.99404407 0.99655766 0.99487179
 0.99695308 0.99654378 0.9964539  0.99425617 0.99411418 0.99474912
 0.99250288 0.99762893]
recall:[0.99883586 0.99638336 0.99761621 0.99579327 0.99820144 0.99659284
 0.99820467 0.73251748 0.99536769 0.9057377  0.99648712 0.99529135
 0.99824971 0.99475524 0.9982699  0.9922573  0.9988081  0.99516031
 0.99404762 0.99708114 0.99651365 0.99638989 0.99534613 0.99535963
 0.99826389 0.99882835 0.99101258 0.99707773 0.99591121 0.99599313
 0.99339736 0.99532164 0.992966   0.90648743 0.99520096 0.99521531
 0.99402628 0.99647474 0.99826087 0.99595609 0.99527745 0.9940547
 0.99641791 0.99637024 0.99401914 0.99476135 0.99714449 0.9925072
 0.99310345 0.99641148]
recall:[9.96466431e-01 9.97183099e-01 9.98184019e-01 5.81733566e-04
 9.98158379e-01 9.95133820e-01 9.97668998e-01 0.00000000e+00
 9.91581479e-01 9.95879929e-01 9.94011976e-01 9.97011357e-01
 9.95744681e-01 9.94712103e-01 9.97571342e-01 9.95904037e-01
 9.98246639e-01 0.00000000e+00 9.95845697e-01 9.97032641e-01
 9.97022037e-01 0.00000000e+00 9.91581479e-01 9.97091332e-01
 9.95986239e-01 9.95942029e-01 9.96455995e-01 9.95238095e-01
 0.00000000e+00 9.96428571e-01 9.95212448e-01 9.95337995e-01
 9.94138335e-01 9.97638725e-01 9.95857988e-01 9.95934959e-01
 9.92515832e-01 9.97599040e-01 9.96468511e-01 9.97079439e-01
 9.95828367e-01 9.94597839e-01 9.97119816e-01 9.95423341e-01
 9.93087558e-01 9.94321408e-01 9.98794454e-01 9.92961877e-01
 9.95420721e-01 9.96015936e-01]
