recall:[0.14377557 0.9970964  0.99325153 0.99473068 0.99701671 0.99650553
 0.9982699  0.99940156 0.         1.        ]
recall:[0.99707088 0.99593496 0.99406528 0.99760766 0.9959136  0.99767981
 0.99648506 0.99707773 0.99700778 0.9964455 ]
recall:[0.99411765 0.9958775  0.9945685  0.99941003 0.996379   0.99286564
 0.99780461 0.99423963 0.9945685  0.99705189]
recall:[0.99765808 0.99582339 0.97263534 0.99646018 0.         0.99880881
 0.99767036 0.99770115 0.99646226 0.        ]
recall:[0.99822904 0.99596309 0.99343284 0.99595843 0.99821216 0.99353322
 0.99704666 0.99880739 0.99704492 0.99651972]
recall:[0.99706228 0.99539965 0.99459459 0.99599542 1.         0.99588235
 0.99765396 0.99883314 0.         0.        ]
recall:[0.         0.99717354 0.99349112 0.         0.09515366 0.90685413
 1.         0.99705015 0.         0.        ]
recall:[0.996456   0.99593023 0.99827288 0.99352941 0.99462366 0.99586044
 0.99827685 0.99879663 0.99763314 0.99349882]
recall:[0.99529965 0.99642644 0.99171598 0.99768384 0.9976825  0.99466509
 1.         0.99707773 0.99759904 0.99638554]
