recall:[0.99818292 0.         0.99534071 0.99597701 0.99705536 0.
 0.99941349 0.9994152  0.         0.99644128]
recall:[0.99761337 0.99654974 0.99405823 0.99398315 0.         0.00469759
 0.99697337 0.99703264 0.         0.99372146]
recall:[0.99767847 0.         0.99408634 0.99580336 0.         0.
 0.         1.         0.         0.        ]
recall:[0.99415888 0.99535154 0.99755202 0.99415546 0.99941928 0.99538106
 0.99820789 0.99765808 0.         0.99587021]
recall:[0.99462687 0.9947121  0.99239321 0.9946714  0.         0.
 0.         0.99881165 0.         1.        ]
recall:[0.99659478 0.99589202 0.99161677 0.99537839 0.99694563 0.99657534
 0.99822904 0.99883041 0.99640288 0.99760766]
