recall:[0.         0.99821747 0.         0.997669   0.         0.
 0.9958457  0.99584323 0.         0.63017751 0.         0.99419954
 0.         0.         0.         0.         0.         0.99757576
 0.99644339 0.98397252 0.         0.         0.99406528 0.
 0.         0.         0.         0.99644128 0.99825683 0.
 0.99538639 0.98366394 0.         0.         0.99819603 0.99525504
 0.99649942 0.         0.99706573 0.         0.         0.12772219
 0.00117925 0.         0.         0.99878271 0.         0.
 0.         0.99762188]
recall:[0.00000000e+00 0.00000000e+00 0.00000000e+00 9.96370236e-01
 2.86368843e-03 0.00000000e+00 1.19118523e-03 9.11239193e-01
 9.96464349e-01 0.00000000e+00 9.95795796e-01 9.95925495e-01
 0.00000000e+00 0.00000000e+00 0.00000000e+00 0.00000000e+00
 0.00000000e+00 0.00000000e+00 0.00000000e+00 9.97034401e-01
 9.95354239e-01 0.00000000e+00 0.00000000e+00 0.00000000e+00
 0.00000000e+00 0.00000000e+00 9.95944380e-01 2.34329233e-03
 9.95277450e-01 9.98800240e-01 0.00000000e+00 0.00000000e+00
 0.00000000e+00 0.00000000e+00 9.97697179e-01 0.00000000e+00
 0.00000000e+00 0.00000000e+00 9.97591812e-01 0.00000000e+00
 0.00000000e+00 9.92235164e-01 9.97701149e-01 5.98444045e-04
 0.00000000e+00 9.97631735e-01 0.00000000e+00 0.00000000e+00
 0.00000000e+00 0.00000000e+00]
recall:[0.         0.         0.         0.99357477 0.         0.
 0.99754149 0.99763733 0.         0.         0.         0.99542596
 0.         0.         0.         0.         0.         0.9977195
 0.         0.99821322 0.         0.         0.         0.
 0.         0.         0.         0.         0.         0.99763314
 0.         0.         0.         0.         0.99710983 0.
 0.99702381 0.         0.99573691 0.         0.         0.
 0.         0.         0.         1.         0.         0.
 0.         0.        ]
