recall:[0.99423299 0.99475524 0.99115566 0.99758162 0.99770115 0.99369628
 0.99941176 0.99766492 0.99452555 0.99517491]
recall:[0.99821853 0.99462366 0.99108205 0.99824561 0.9976512  0.99524376
 0.99879808 1.         0.99651972 0.99643282]
recall:[0.9964455  0.99714775 0.99878788 0.997064   0.99885452 0.99705015
 0.99825986 0.99582339 0.9945685  0.9941452 ]
recall:[0.99703616 0.996483   0.99350649 0.99710816 0.99764567 0.99515445
 0.99942496 0.99586533 0.99456522 0.9954181 ]
recall:[0.99541021 0.99539171 0.99762893 0.         0.99754601 0.99820896
 0.99706917 0.99882629 0.         0.        ]
recall:[0.99658314 0.9947245  0.99463647 0.99473684 0.99587264 0.99588235
 1.         0.99879373 0.99469965 0.9939976 ]
recall:[0.99464286 0.99477352 0.996483   0.99710983 0.99595609 0.9947245
 1.         0.99591121 0.99628483 0.99708285]
