recall:[0.99572127 0.99531067 0.99539171 0.99288256 0.99699158 0.99757576
 0.99713467 0.99702735 0.99693252 0.99603399 1.         0.9952858
 0.99474299 0.99827784 0.99410377 0.99589924 0.99176955 0.99705882
 0.99653979 0.99706055 0.99542072 0.99151001 0.99544937 0.99353702
 0.99823633 0.99332119 0.99392097 0.99823529 0.99829254 0.99705015
 0.99361208 0.99702204 0.99471521 0.99244625 0.99708625 0.99361949
 0.9957958  1.         0.9958134  0.99700599 0.9958134  0.9933655
 0.99648094 0.99360837 0.99536769 0.9965096  0.99525504 0.992966
 0.99493813 0.99450885]
recall:[0.99592787 0.99763454 0.99703791 0.99598163 0.99540758 0.99764151
 0.99705189 0.99882284 0.99426277 0.99759326 0.99705882 0.99709133
 0.99462044 0.997669   0.99313108 0.9945322  0.99473992 0.99647266
 0.9969344  0.99824356 0.99645809 0.99318885 0.996456   0.99245502
 0.9945322  0.99644128 0.99595609 0.99703967 0.9994037  0.99647681
 0.9953189  0.9964476  0.99647059 0.99640288 0.99657534 0.99594438
 0.99821853 0.99759326 0.99756987 0.99707944 0.99695493 0.99647474
 0.99711982 0.99486887 0.99711316 0.99828473 0.9976512  0.99437254
 0.99646435 0.99521817]
