recall:[0.99469027 0.99822695 1.         0.99705709 0.99288678 0.99885189
 0.99702558 0.99642218 0.99421631 0.99237089]
recall:[0.99818512 0.99879008 0.99765258 0.99827784 0.99653179 0.99942529
 0.99587264 0.99707773 0.99457177 0.99416229]
recall:[0.99576271 0.99696049 0.99830891 0.99942496 0.99309154 0.9965616
 0.99755949 0.99393939 0.99593023 0.99411418]
recall:[0.99704142 0.99762188 0.99713467 0.99347568 0.9982384  0.99645809
 0.99877676 0.99643705 0.99885387 0.99078341]
recall:[0.99820252 0.99652577 0.99883518 0.99824047 0.99332929 0.99544678
 0.99823944 0.99702735 0.99531342 0.99405823]
recall:[0.996      0.99526347 0.99824766 0.99587021 0.99471831 0.99640934
 0.99941349 0.99648917 0.99457505 0.99941383]
recall:[0.99717514 0.99570815 0.99762611 0.99283582 0.99643705 0.99711649
 0.99884991 0.99705709 0.99295775 0.99642644]
recall:[0.99529135 0.99606962 0.99762188 0.9988256  0.9965035  0.99695308
 0.99829932 0.99756395 0.9958134  0.99352941]
recall:[0.9982808  0.99590164 0.99765533 0.99523242 0.99696049 0.99767171
 0.9971115  0.99470277 0.99421965 0.9945122 ]
recall:[0.99822695 0.99708114 0.99702911 0.99637681 0.99252444 0.99766764
 0.99822904 0.99819386 0.99418605 0.99015634]
