recall:[0.99763314 0.         0.99761763 0.99588477 0.99535963 0.
 0.         0.99378496 0.         0.         0.         0.99535963
 0.99818731 0.         0.99769186 0.         0.9981982  0.9977591
 0.98786127 0.99652979 0.99765808 0.         0.99463327 0.
 0.99473376 0.9976825  0.99700599 0.99537037 0.         0.99881165
 0.         0.99515152 0.         0.         0.9970726  0.
 0.99640288 0.         0.99816289 0.         0.9958775  0.
 0.99464604 0.         0.         0.         0.99477048 0.
 0.         0.        ]
recall:[0. 1. 0. 0. 0. 0. 0. 0. 0. 0. 0. 0. 0. 0. 0. 0. 0. 0. 0. 0. 0. 0. 0. 0.
 0. 0. 0. 0. 0. 0. 0. 0. 0. 0. 0. 0. 0. 0. 0. 0. 0. 0. 0. 0. 0. 0. 0. 0.
 0. 0.]
recall:[0. 0. 0. 0. 0. 0. 0. 0. 0. 0. 0. 0. 0. 0. 0. 0. 0. 1. 0. 0. 0. 0. 0. 0.
 0. 0. 0. 0. 0. 0. 0. 0. 0. 0. 0. 0. 0. 0. 0. 0. 0. 0. 0. 0. 0. 0. 0. 0.
 0. 0.]
recall:[0. 0. 0. 0. 0. 0. 0. 0. 0. 0. 0. 0. 0. 0. 0. 0. 0. 0. 0. 0. 0. 0. 0. 0.
 0. 0. 0. 0. 0. 0. 0. 0. 0. 0. 0. 0. 0. 1. 0. 0. 0. 0. 0. 0. 0. 0. 0. 0.
 0. 0.]
recall:[0.00000000e+00 0.00000000e+00 9.98234255e-01 0.00000000e+00
 9.89247312e-01 9.92907801e-01 0.00000000e+00 0.00000000e+00
 9.94604317e-01 0.00000000e+00 0.00000000e+00 9.95896835e-01
 0.00000000e+00 8.36630865e-02 6.47820966e-03 9.95446784e-01
 0.00000000e+00 0.00000000e+00 9.95163241e-01 0.00000000e+00
 0.00000000e+00 9.95198079e-01 9.95243757e-01 0.00000000e+00
 0.00000000e+00 9.96462264e-01 0.00000000e+00 0.00000000e+00
 9.95383728e-01 9.97574287e-01 9.92886781e-01 1.63934426e-01
 9.89946777e-01 0.00000000e+00 9.95833333e-01 0.00000000e+00
 9.95904037e-01 0.00000000e+00 0.00000000e+00 0.00000000e+00
 0.00000000e+00 0.00000000e+00 9.97077732e-01 0.00000000e+00
 0.00000000e+00 9.96029495e-01 0.00000000e+00 1.34638923e-02
 9.95313415e-01 5.76036866e-04]
