recall:[0.         0.         0.99305153 0.         0.         1.
 0.         0.99770774 0.         0.        ]
recall:[0.         0.99538373 0.         0.         0.         0.
 0.         0.         0.00364742 0.        ]
recall:[0.         0.         0.99359721 0.         0.         0.
 0.99942263 0.99770511 0.         0.        ]
recall:[0. 0. 0. 0. 0. 0. 1. 0. 0. 0.]
recall:[1.         0.         0.99241097 0.99695679 0.9957755  0.99765258
 0.99767712 0.99463647 0.         0.99762752]
recall:[0. 1. 0. 0. 0. 0. 0. 0. 0. 0.]
recall:[1.0000000e+00 0.0000000e+00 5.9311981e-04 0.0000000e+00 0.0000000e+00
 0.0000000e+00 0.0000000e+00 0.0000000e+00 0.0000000e+00 0.0000000e+00]
