recall:[0.99767442 0.99640934 0.         0.99706573 0.         0.
 0.99823426 0.99761194 0.99544678 0.99764012 0.99472141 0.99527745
 0.         0.99648094 0.         0.         0.99541021 0.99710816
 0.         0.99820681 0.         0.         0.99524376 0.
 0.         0.99454876 0.99645809 0.99646435 0.99659284 0.9982217
 0.99705189 0.         0.99590404 0.         0.99771036 0.99818622
 0.997151   0.         0.99829254 0.         0.         0.
 0.99461078 0.         0.99522673 0.99708455 0.99646018 0.
 0.9963145  0.99635922]
recall:[0.99477655 0.99516616 0.         0.99590883 0.99579074 0.
 0.99762046 0.99769452 0.99542857 0.99648506 0.99705709 0.99611543
 0.99648917 0.9976247  0.99530792 0.         0.         0.99821853
 0.99764567 0.99814126 0.         0.9958134  0.9926429  0.99635701
 0.         0.         0.99593732 0.99393939 0.99822064 0.99768519
 0.         0.         0.99466825 0.         0.99766628 0.
 0.99941827 0.         0.99767171 0.         0.         0.
 0.         0.         0.99589924 0.99765533 0.99759326 0.
 0.         0.9954023 ]
recall:[0.99035564 0.99518072 0.99274924 0.98954704 0.         0.99825073
 0.99704317 0.99702735 0.         0.99465875 0.99582339 0.99476135
 0.         0.         0.         0.         0.         0.99816962
 0.         0.99700957 0.99431172 0.00118554 0.         0.
 0.         0.99473992 0.99703967 0.99458158 0.99762188 0.99763872
 0.00119976 0.99349497 0.         0.992966   0.99630086 0.
 0.99765533 0.99696786 0.99765945 0.         0.99396135 0.99701671
 0.9930192  0.         0.         0.99761621 0.99478865 0.99304751
 0.         0.99550562]
